Template: NONE
CeilingDrips: 0
RainIntensity: 1
RumbleIntensity: 1
WaveSpeed: 0.5
WaveLength: 0
WaveAmplitude: 0
SecondWaveLength: 0
SecondWaveAmplitude: 0
Clouds: 0.7065217
Grime: 0
BkgDroneVolume: 0.3000001
RandomItemDensity: 0.25
RandomItemSpearChance: 0.05869558
WaterReflectionAlpha: 1
Palette: 81
EffectColorA: 9
EffectColorB: 10
Effects: Salt Flakes-1-20-20, Fog-1-310-18, Moth-0.05434782-581-14, Toxic Brine Water-1-23.73468-71.579, 
PlacedObjects: LightSource><1834.287><217.9466><0.3913043~White~-95~139~-184~-170.3975~1~0~None~0~0, NoSpearStickZone><2043.977><313.1987><146~58, DandelionPatch><1315.909><158.8713><-62~56, DandelionPatch><1719.648><155.922><0~100, DandelionPatch><544.4413><137.8085><0~100, ReliableSpear><1093.051><409.0215><, CustomDecal><1298.379><98.40961><-55~-32~-126~41~-89~63~-7~-486~0~1~1~ScavMark Arrow~0.5~0~1~0.7608696~1~0~0.5~0, LightSource><269.553><-13.71521><1~White~-9~233~-644~387.6025~1~0~None~0~0, LightSource><269.9196><-12.85596><1~White~5~140~-653~496.6025~1~0~None~0~0, LightSource><1089.895><7.579834><1~EffectColor1~12~157~823~-56.39746~1~0~None~0~0, LightSource><1090.964><5.946655><1~White~31~214~563~-25.39746~1~0~None~0~0, CustomDecal><387.624><-38.40527><-31~218~634~195~637~1~-667~-309~0~0.05434782~0~BlackRust1~0.8043478~1~0.8043478~1~0.8043478~1~0.8043478~1, CustomDecal><1166.358><-29.85934><3~205~1007~198~1006~2~96~-287~0~0.07608695~0~BlackRust1~1~1~0~1~0.6086956~1~0.6086956~1, InsectGroup><273.8778><49.59161><0~100~0~0~Moth~0.4891304, InsectGroup><1086.114><56.58578><0~100~-297~-145~Moth~0.4891304, LightSource><754.2285><707.5511><0.25~White~1291~-716~1095~-812.3975~0~1~None~0~0, LightSource><1835.854><681.1127><0.25~White~-1326~-735~-131~-818.3975~0~1~None~0~0, CustomDecal><1364.063><59.57019><1~260~482~264~419~85~-372~-393~0.4130435~0.4565217~0~crudebubblyb&w~1~0~1~0~1~0~1~0, CustomDecal><1493.557><332.4457><3~122~395~222~352~22~422~-122.406~0.2826087~0.3695652~0~chaoticb&w~0.5543478~0~0.5543478~0~0.5543478~0~0.5543478~0, LightSource><1091.097><-24.12927><0.05434782~EffectColor2~241~292~-156~29.60254~0~1~None~0~0, LightSource><268.4489><-29.0213><0.05434782~EffectColor2~183~273~-617~108.6025~0~1~None~0~0, LocalBlizzard><1798.812><719.569><-36~-582~112~-209.3975~0.2065217~1~0.5, LocalBlizzard><726.0239><719.3015><126~-691~-817~-220.3975~0.1630435~1~0.5, LocalBlizzard><1081.423><532.8509><407~6~770~48.60254~0.2826087~0.5~0.5, CellDistortion><748.3547><359.3625><4~18~-16~133.6025~0.0326087~0.0326087~0~0.8043478, CellDistortion><776.4419><358.9414><7~19~-456~102.6025~0.0326087~0.0326087~0~0.9021739,  WindDirection><227.312><285.614><65.43433~0.6138916, WindRect><159.9758><360.2682><8.024963~353.5909~1935.743~324.5775~1621.535~78.39771~0.2549733~Creatures, 
AmbientSounds: OMNI><AM_WIN_Hilltop.ogg><103.9559><8.695068><0.2282609><1.9, SPOT><AM_WIN-HowlingWnd.ogg><387.3721><374.5916><0.2500004><1.9><1250.372><503.5916><68.64465><-73.35535><0><0.1652175, SPOT><AM_WIN-HowlingWnd.ogg><18.18298><376.1694><0.25><1.9><909.1831><505.1694><90.64465><-43.35535><0><0.1652174, SPOT><SO_WAT-LightFlow.ogg><557.1976><47.53059><0.8043478><1.9><270.1976><6.530605><2.644653><150.6447><0><0.06739144, SPOT><SO_WAT-LightFlow.ogg><744.8066><46.44891><0.8043478><1.9><1084.807><5.448914><46.64465><177.6447><1><0.06739144, OMNI><AM_ENV-CityTone.ogg><283.1566><13.87555><0.2065217><1, SPOT><AM_WIN-HowlingWnd.ogg><205.7308><368.9491><0.25><1.9><1084.731><558.9491><88.64465><-50.35535><0><0.1652175, SPOT><AM_WIN-MedWind.ogg><778.8032><532.7853><0.3586957><1.9><1095.803><648.7853><290.6447><-113.3553><0><0.078261, SPOT><RWTW_AR_Flag.ogg><415.8142><237.0741><0.2826087><1><742.8142><361.0741><-35.35534><-35.35534><0><0.154348, SPOT><RWTW_AR_Heater.ogg><755.6395><413.3333><0.09782609><1.48913><332.6395><127.3333><-23.35535><-22.35535><0><0.1000001, 
FadePalette: 82, 0.4891304, 0.4891304
