Template: NONE
Clouds: 0.4021739
Grime: 0
RandomItemDensity: 0.1521739
RandomItemSpearChance: 0
Palette: 81
EffectColorA: 9
EffectColorB: 10
Effects: Fog-1-20-20, Salt Flakes-1-279-21, 
PlacedObjects: CustomDecal><832.204><491.3053><-15~-61~31~-73~41~-9~-725~-828~0~1~0~UWshelter~0.3043478~0.1086956~1~0.1086956~1~0.1086956~1~0.1086956, CustomDecal><-199.5958><-47.12265><1~759~1353~761~1364~-6~-197~-287~0.1521739~1~0~RunningWhite~0.4021739~1~0.4021739~1~0.4021739~1~0.4021739~1, CustomDecal><778.3082><-51.19336><5~689~832~688~844~2~-1064~-282~0~1~0~CyanSperm~0.25~1~0.25~1~0.25~1~0.25~1, DangleFruit><291.0599><267.0623><-682~255~5~15, DandelionPatch><267.1219><166.1586><0~100, DandelionPatch><707.2491><244.45><11~64, LightSource><678.641><630.392><0.2934783~White~-721~-447~207~-545.3975~0~1~None~0~0, LightSource><310.7338><248.9785><0.2062504~White~490.3577~311.8386~-325.601~-228.0948~0~1~None~0~0, LightSource><731.8433><475.0731><1~White~18~57~161.9999~-534.3975~0~0~None~0~0, CustomDecal><141.9461><308.2107><-1~130~264~179~254~5~-400~-220~0~0~0~LongWhiteUgly~1~1~1~0~1~1~0~0, CustomDecal><162.0873><209.6337><-20~178~202~232~192~-137~-479~-545~0.326087~0.3478261~0~Rabbit~0.75~0.05434782~0.75~0.05434782~0.75~0.05434782~0.75~0.05434782, DangleFruit><329.1821><297.3326><-405~230~2~3, LocalBlizzard><869.9214><300.647><-1075~-370~-616.1682~-330.564~0.09782609~1~0.5, KarmaFlower><769.154><262.5746><-195.6857~-351.2465~5~7, WindDirection><207.0394><477.5062><79.01501~-1.238037, WindRect><353.6617><351.0562><-1.234619~362.8504~798.6676~353.5908~822.7426~-127.7821~0.2012966~Creatures, RippleSpawnEgg><591.8316><297.6079><, RippleSpawnEgg><331.2993><182.0562><, RippleSpawnEgg><208.6516><264.8805><, RippleEggFilter><397.1819><236.1669><4~284~0~0~1, 
AmbientSounds: OMNI><AM_ENV-CityTone.ogg><391.6961><23.28925><0.2065217><1, OMNI><AM_WIN_Hilltop.ogg><196.6644><16.1138><0.2065217><1.9, 
FadePalette: 82, 0.4456522
