Template: NONE
Clouds: 0.5
Grime: 0
Palette: 81
EffectColorA: 10
EffectColorB: 13
Effects: Fog-1-20-20, Flies-0.2065217-285-18, 
PlacedObjects: CustomDecal><-180.4325><-39.18826><5~761~1364~772~1360~0~-189~70~0~1~0~GreyBones~0.05434782~1~0.05434782~1~0.1521739~1~0.2065217~1, CustomDecal><1188.8><-40.48849><3~759~990~765~997~0~272~114~0~1~0~GreyBones~0.1086956~1~0~1~0~1~0.2065217~1, LightSource><298.1028><412.3854><0.07608695~Environment~458~136~50~86.60254~1~0~None~0~0, ReliableSpear><1105.322><92.65944><,     
AmbientSounds: OMNI><AM_ENV-SubTerr.ogg><342.9438><51.70084><0.2173913><1, OMNI><SO_NAT-Fire.ogg><540.4495><37.48645><0.2173913><1, OMNI><SO_SFX-Morse.ogg><159.6301><56.16006><0.04347826><1.9, SPOT><SO_IND-WinFan.ogg><727.861><473.6439><0.2608696><1><1143.861><302.6439><-35.35534><-35.35534><0><0.1, 
FadePalette: 83, 0.8043478, 0.8043478
