Template: NONE
Clouds: 0.3043478
Palette: 81
EffectColorA: 10
EffectColorB: 13
TerrainLight: 0
TerrainStainAmount: 1
TerrainStainBrightness: 1
TerrainStainHeight: 1
TerrainWaves: 0.3055924
TerrainEdgeRadius: 90.26463
TerrainGrain: 1
TerrainDepth: -1.249568
TerrainSkyFade: 1
TerrainPalette: ridgesalt
Effects: Fog-1-20-20, Flies-0.2065217-279-22, 
PlacedObjects: LightFixture><270.4197><483.2097><HolyFire~-276.4458~-525.7257~85, LightSource><270.4081><483.1575><0.02083588~EffectColor2~448.9048~-174.9197~-276.8255~-556.4694~0~1~None~0~0, LightSource><268.6703><481.8867><0.2934783~EffectColor2~19~96~-279.9086~-564.8766~0~0~None~0~0, InsectGroup><269.944><481.4259><17~80~-280.8559~-512.4911~StandardFly~0.2826087, LightSource><727.4326><1291.812><0.06521739~Environment~436~-502~-301~132.6025~0~1~None~0~0, CustomDecal><-179.3214><766.34><10~760~1336~756~1348~-2~3.999985~319~0~1~0~BlueSmoker~0.1086956~1~0.1086956~1~0.1086956~1~0.1086956~1, CustomDecal><1173.561><766.6833><-8~766~868~758~850~-5~-185~-35~0~1~0~BlueSmoker~0.1521739~1~0.1521739~1~0.1521739~1~0.1521739~1, CustomDecal><67.30023><8.22809><-29~1523~1897~1526~1829~-3~49~862~0.2717391~1~1~WhiteTag2~0.1086956~1~0.1086956~1~0.1086956~1~0.1086956~1, LightSource><754.5508><1525.732><0.05654509~Environment~28~-1520~-226~-169.3975~0~0~None~0~0, LightSource><747.2947><1434.836><0.1086951~White~-3~-326~50~86.60254~0~0~None~0~0, LightSource><708.5408><210.6875><0.4015815~Environment~250.89~488.0932~-719.2085~-302.1168~0~0~None~0~0, DangleFruit><1533.839><200.3209><310.8199~-248.759~2~6, DangleFruit><1620.567><128.4385><299.7239~-184.5069~3~6, LightSource><230.4748><1399.552><0.326087~Environment~53~-54~124~-135.3975~0~0~None~0~0, ReliableSpear><1054.823><631.9162><, CustomDecal><930.5516><964.7246><0~40~40~40~40~0~-430~-67~0~1~0~ScavMark Arrow~0.3043478~0.05434782~0.3043478~0.05434782~0.3043478~0.05434782~0.3043478~0.05434782, CustomDecal><1156.729><228.6208><-0.02859497~384.2438~143.2493~384.6852~143~2~720.5068~-515.6777~0~0.1482497~0~caterpillar~0.2568545~0~0.2568545~0~0.2568545~0~0.2568545~0, WeaverSpot><742.4422><1357.059><-7.602262~-459.9372, TerrainHandle><1248.447><80.75784><-71.30936~-3.194824~75.7822~-4.472755~27.66759, TerrainHandle><1493.224><8.469744><-60.4469~-10.86242~121.1487~-3.194828~50.67036, TerrainHandle><1715.047><35.80152><-40~0~0~-33.86518~20, TerrainHandle><1070.134><64.83813><-76.0369~5.750694~71.9483~0~43.00278, TerrainHandle><479.8297><62.86658><0~-63.89657~181.8504~-71.56416~39.80793, TerrainHandle><853.7641><125.138><-133.2891~17.25208~97.76176~-29.39242~28.94554, RippleSpawnEgg><808.6158><650.6631><, RippleSpawnEgg><589.4822><651.6992><, RippleEggFilter><704.5461><646.6946><142~2~0~0~0.1521738, 
AmbientSounds: OMNI><AM_ENV-SubTerr.ogg><105.8113><31.93381><0.2065217><1, OMNI><SO_NAT-Fire.ogg><288.4348><29.42334><0.2065217><1, OMNI><SO_SFX-Morse.ogg><471.8034><27.46335><0.05434782><1.9, OMNI><Deep Weird Wind.wav><657.5216><31.05118><0.05434782><1.9, SPOT><SO_IND-MechHum02.ogg><472.4203><108.8549><0.2282609><1><1648.42><225.8549><-50.35535><-36.35535><0><0.154348, SPOT><AM_IND-Factory04.ogg><206.053><396.7156><0.2065217><1><994.053><206.7156><-35.35534><-35.35534><0><0.1217393, 
FadePalette: 83, 0.7065217, 0.8043478, 0.7065217, 0.8043478
