Template: NONE
RainIntensity: 1
RumbleIntensity: 1
Clouds: 0.1086956
Grime: 0.05434782
RandomItemDensity: 0.3043478
Palette: 81
EffectColorA: 9
EffectColorB: 10
Effects: Fog-1-20-20, 
PlacedObjects: LightSource><762.6824><945.0341><0.2065217~White~46~-62~-956~337.6025~0~0~None~0~0, LightSource><200.8196><1270.475><0.2065217~White~-23~63~-390~75.60248~0~0~None~0~0, CustomDecal><387.8044><131.0419><25~145~86~153~121~9~-677~-335~0.5869565~0.6956522~0~WhiteTag2~0.4891304~0.25~0.4891304~0.25~0.4891304~0.25~0.4891304~0.25, LightSource><614.0505><1201.015><0.1847826~Environment~-200~-29~-811~-4.397461~1~0~None~0~0, CustomDecal><256.056><20.31613><-4~763~381~762~386~-4~-465~287~0~1~0~GreyBones~0.2065217~1~0.2065217~1~0.2065217~1~0.2065217~1, CustomDecal><312.2327><760.5508><14~772~371~772~350~9~-350~78~0~1~0~GreyBones~0.2065217~1~0.2065217~1~0.2065217~1~0.2065217~1, DangleFruit><501.3448><315.5739><35~-49~2~3, DangleFruit><438.3569><379.919><66~-8~2~3, RippleSpawnEgg><479.6257><538.9067><, RippleEggFilter><431.696><509.9604><0~100~0~0~0.3043478, 
AmbientSounds: SPOT><AM_WIN_Hilltop.ogg><15.69128><476.9416><0.1521739><1.9><488.6913><1540.942><49.64465><-103.3553><0><1, SPOT><AM_WIN-HowlingWnd.ogg><31.91718><236.6401><0.08695652><1.9><722.9172><1430.64><-35.35534><-35.35534><0><0.1, SPOT><AM_WIN-HowlingWnd.ogg><31.67126><351.9338><0.08695636><1.9><264.6713><1425.934><-35.35534><-35.35534><0><0.1, OMNI><Noise Wind.wav><227.8716><512.8467><0.08695652><1, SPOT><AM_WIN_Hilltop.ogg><587.952><-17.94421><0.1413043><1.9><751.952><118.0558><-35.35534><-35.35534><0><0.1, SPOT><AM_WIN_Hilltop.ogg><217.4877><235.4496><0.2065217><1.9><122.4877><107.4496><-79.35535><-61.35534><0><0.1, SPOT><SO_IND-MechHum03.ogg><767.0258><549.8016><0.1956522><0.7065217><348.0258><393.8016><-35.35534><-35.35534><0><0.1, 
FadePalette: 83, 0.8043478, 0.8043478
