Template: NONE
Clouds: 0.5
Grime: 0
Palette: 81
EffectColorA: 10
EffectColorB: 10
Effects: Fog-1-20-20, 
PlacedObjects: LightSource><487.3439><28.17661><0.1086956~EffectColor1~-299~148~414~-140.3975~0~0~None~0~0, ReliableSpear><596.11><366.417><, CustomDecal><147.4409><5.309601><9~690~585~688~657~-9~-571~-322~0~1~0~GreyBones~0.2065217~1~0.2065217~1~0.2065217~1~0.2065217~1, CustomDecal><225.006><320.9611><22~69~81~52~64~-17~-937~-128~0~1~0~uwshelter~0.6847826~0~0.6847826~0~0~0~0.6847826~0, RippleSpawnEgg><581.2308><138.6991><, RippleSpawnEgg><389.3156><140.6889><, RippleEggFilter><480.5099><141.0502><-101~102~0~0~0.3043478, 
AmbientSounds: OMNI><Noise Wind.wav><190.108><4.140808><0.09782609><1.019565, SPOT><AM_WIN_Hilltop.ogg><194.5502><169.5099><0.2065217><1.9><855.3026><110.2755><-120.3553><-38.35535><0><0.1, SPOT><AM_WIN_Hilltop.ogg><5.324646><165.4038><0.25><1.9><24.32465><107.4038><-191.3553><-122.3553><0><0.1, SPOT><waterGurgleLOOP1.wav><744.592><549.8224><0.2065217><1><939.592><108.8224><-76.35535><-80.35535><0><0.1434784, 
FadePalette: 83, 0.8043478
