Template: NONE
WaveSpeed: 0.7037017
WaveLength: 0.8981491
WaveAmplitude: 3.996833E-08
SecondWaveLength: 0.1666667
SecondWaveAmplitude: 0
Clouds: 0.5
Grime: 0
Palette: 80
EffectColorA: 10
EffectColorB: 10
Effects: Fog-1-20-20, 
PlacedObjects: CustomDecal><40.05432><63.70862><33~526~904~465~912~-12~-461~-409~0~1~0~GreyBones~0.2065217~1~0.2065217~1~0.2065217~1~0.2065217~1, LightSource><715.3893><408.3334><0.4021739~Environment~0~100~198.0001~-459.3975~1~0~None~0~0, LightSource><481.5727><406.6863><0.4021739~Environment~0~100~431.0001~-458.3975~1~0~None~0~0, LightSource><253.5986><406.674><0.4021739~Environment~0~100~659~-458.3975~1~0~None~0~0, LightSource><482.8052><445.7953><0.1086956~Environment~-6~-265~169~-499.3975~1~0~None~0~0, LightSource><719.8518><451.6343><0.1086956~Environment~155~215~-69~-503.3975~1~0~None~0~0, LightSource><254.8027><449.467><0.1086956~Environment~168~201~395~-501.3975~1~0~None~0~0, DangleFruit><388.9218><389.8159><-576~79~8~12, DangleFruit><340.1725><426.1013><-529~116~6~8, LightSource><486.3011><503.8066><1~EffectColor1~6~41~297~-340.3975~0~0~Fade~0.8586956~0, DynamicWarpTarget><481.976><408.8235><-139~89~1~false~false, 
AmbientSounds: OMNI><AM_ENV-CityTone.ogg><108.0852><19.86334><0.3586957><1.156522, OMNI><AM_WIN_Hilltop.ogg><287.0692><18.43765><0.25><1.9, SPOT><AM_WIN-StrongWnd2.ogg><-87.19202><238.6914><0.25><1.606522><719.808><427.6914><-35.35534><-35.35534><0><0.1, SPOT><AM_WIN-StrongWnd2.ogg><81.61493><367.3525><0.2065217><1.606522><487.6149><422.3525><-35.35534><-35.35534><0><0.1, SPOT><AM_WIN-StrongWnd2.ogg><62.91309><494.6158><0.25><1.606522><246.9131><422.6158><-35.35534><-35.35534><0><0.1, SPOT><SO_IND-MechHum02.ogg><507.0582><10.19324><0.4021739><0.55><756.0582><251.1932><-35.35534><-35.35534><0><0.1217393, SPOT><RWTW_AR_Heater.ogg><383.5827><135.0679><0.1304348><1.352174><488.5827><504.0679><-35.35534><-35.35534><0><0.1217391, 
FadePalette: 32, 0.7065217
