Template: NONE
Clouds: 0
Grime: 0
WaterReflectionAlpha: 0.3043478
Palette: 80
EffectColorA: 10
EffectColorB: 5
PlacedObjects: CustomDecal><-131.1594><155.1783><-10~547~1335~499~1291~-41~-292~-494~0~1~0~GreyBones~0.05434782~1~0.05434782~1~0.05434782~1~0.05434782~1, BubbleGrass><845.385><427.3976><-1008~44.99997~1~3, BubbleGrass><819.0857><392.1361><-985~158~1~2, CustomDecal><367.6395><115.3934><-463~466~825~580~385~27~-720~-456~0~1~0~BlueSmoker~0.1521739~1~0.1521739~1~0.1521739~1~0.1521739~1, CustomDecal><515.8881><341.1296><1.434387~132.8799~136.5899~132.72~135.6688~2.399963~-675.9086~-310.24~0.2065217~1~0~BubbleWeed~1~0~1~0~1~0~1~0, LightSource><550.415><398.3189><0.02173913~EffectColor1~-519~24~-1184~-163.3975~0~1~None~0~0, LightSource><828.4369><424.3102><0.05434782~EffectColor2~0~100~77~-323.3975~0~0~None~0~0, LightSource><749.4243><384.402><0.3043478~EffectColor1~0~100~-96~-370.3975~0~0~None~0~0, LightSource><577.1642><390.3193><0.3043478~EffectColor1~0~100~331~-437.3975~0~0~None~0~0, LightSource><427.4467><394.536><0.3043478~EffectColor1~0~100~484~-364.3975~0~0~None~0~0, LightSource><780.6172><127.6004><0.2065217~EffectColor1~508~-19~-126~-179.3975~0~0~None~0~0, LightSource><388.5686><97.8342><0.2065217~EffectColor1~-239~586~258~-14.39746~0~0~None~0~0, LightSource><120.3042><429.459><0.08695652~Environment~127~156~260~-480.3975~0~0~None~0~0, BubbleGrass><360.5026><397.8><-524~-58~1~4,  
AmbientSounds: OMNI><AM_ENV-SubTerr.ogg><154.937><35.92886><0.1521739><1, OMNI><SO_NAT-WindTunnel.ogg><32.49786><198.3><0.1086956><1, 
Triggers: Spot<tA>event<tB>BringPlayerGuideToRoom<tA>multiUse<tB>1<tA>toCycle<tB>-1<tA>fromCycle<tB>0<tA>delay<tB>0<tA>panPos<tB>174.5966<tB>96.87173<tA>fireChance<tB>1<tA>entrance<tB>1<tA>karma<tB>0<tA>slugcats<tB><tA>pos<tB>63.59656<tB>414.8717<tA>handlePos<tB>-35.35534<tB>-35.35534, 
FadePalette: 33, 0.8043478
