Template: NONE
Clouds: 0.5
Grime: 0
RandomItemDensity: 0.4021739
Palette: 81
EffectColorA: 10
EffectColorB: 13
Effects: Fog-1-20-20, Flies-0.3043478-280-22, 
PlacedObjects: LightSource><329.3834><463.6625><0.1521739~EffectColor2~306~81~-271~82.60254~0~1~None~0~0, LightFixture><331.3311><463.8172><HolyFire~-365.6795~38~69, InsectGroup><333.0242><463.8015><110~47~234~-113~StandardFly~0.2934783, LightSource><332.8129><461.8207><0.2717391~EffectColor2~11~91~-210~139.6025~0~0~None~0~0, CustomDecal><23.55141><85.77344><1~646~932~607~892~51~-317~38~0~1~0~GreyBones~0.1521739~1~0.1521739~1~0.1521739~1~0.1521739~1, LightSource><482.1985><285.1932><1~Environment~5~112~-40~-218.3975~0~0~None~0~0, FirecrackerPlant><725.9421><477.6944><152~-432~1~3, FirecrackerPlant><290.6631><439.9301><521~-463~1~3,  
AmbientSounds: OMNI><AM_ENV-SubTerr.ogg><561.9341><72.82822><0.2065217><1, SPOT><waterGurgleLOOP1.wav><168.8><95.75439><0.2065217><1><78.80005><285.7544><-35.35534><-35.35534><0><0.06739144, OMNI><SO_NAT-Fire.ogg><362.4446><69.04626><0.2065217><1, OMNI><SO_SFX-Morse.ogg><764.8003><69.01041><0.04347826><1.9, 
FadePalette: 83, 0.8043478
