Template: NONE
DangerType: Flood
WaveSpeed: 0.3319511
WaveLength: 0.9159755
WaveAmplitude: 0.0001715262
SecondWaveLength: 0.1666667
SecondWaveAmplitude: 0
Grime: 0.3048782
Palette: 209
EffectColorA: 2
EffectColorB: 13
Effects: ModifyEffectColorB-0,0.2026717,0.5-20-20,
PlacedObjects: CustomDecal><113.5309><130.4521><-17.09634~862.674~602.4706~893.4282~559.7296~1.708565~0~0~0.2137047~0.4982584~0~rustb2~0.5~1~0.5~1~0.5~1~0.5~1, CustomDecal><1354.274><306.6331><13.67694~849.0057~429.7972~892.5739~574.2615~137.5395~-346.2015~600.5607~0~1~1~rf_whitesand~0.2119632~0.0464577~0.5~0.0464577~0.5092916~0.0464577~0~0.0464577, CustomDecal><1016.014><107.9941><183.786~606.3893~988.8485~522.6697~1036.719~-22.21133~0~0~0~0.1265985~1~rf_whitesand~0.388502~0.0464577~0.388502~0.0464577~0.388502~0.0464577~0.388502~0.0464577, CustomDecal><1080.325><228.8965><160.7059~895.991~834.9813~943.8309~881.1416~13.66853~-299.1865~47.83978~0.1765386~1~1~rustymetal~0.1562142~1~0.1562142~1~0.6858298~1~0.3141699~1, LightSource><385.3778><1103.624><0.1637646~EffectColor1~-309.4443~65.8287~104~168.6025~1~0~None~0~0, LightSource><1647.367><883.0109><0.163764~Environment~13.67712~187.1368~50~86.60254~1~1~None~0~0, LightSource><1689.148><486.9755><0.1451827~Environment~298.3317~-3.368195~50~86.60254~1~1~None~0~0, 
AmbientSounds: OMNI><SO_WAT-ProperDrips.ogg><8.800903><429.0053><0.5><1, OMNI><SO_WAT-OpenFlow.ogg><19.85057><515.9189><0.3048785><1, SPOT><SO_IND-HVAC.ogg><187.6541><354.454><0.2026725><1><1523.529><942.4518><-121.692><-83.19516><0><0.1, SPOT><SO_WAT-Splashes.ogg><437.7365><420.3464><0.2955873><1><1624.018><298.7668><-80.66071><-75.50662><0><0.1, SPOT><SO_WAT-Splashes.ogg><248.3322><472.3579><0.3141699><1><1631.222><566.0576><-60.99994><-78.92374><0><0.1371659, SPOT><SO_WAT-Splashes.ogg><729.8249><368.58><0.3048786><1><1734.03><857.4811><123.6409><-96.0094><0><0.1464578, SPOT><SO_IND-Turbine.ogg><765.3219><269.0682><0.5><1><-51.43787><314.0738><224.5095><-277.1173><0><0.6110329, SPOT><SO_IND-FlourLight.ogg><658.2023><564.1017><0.3977933><1><374.8494><1109.385><-49.03241><-59.27527><0><0.1650411, 
