Clouds: 0.2391304
Palette: 21
EffectColorA: 19
EffectColorB: 21
Effects: LightBurn-0.5652174-20-20, 
PlacedObjects: LightSource><1348.679><390.9371><0.1847826~White~315~-261~-404~159.6025~1~0, CustomDecal><207.1683><287.3579><-13~194~183~119~225~-32~-429~-93~0.3152174~1~0~WindWarning~0~0~1~1~0~1~1~0, CustomDecal><1006.055><182.2936><-21~224~456~236~449~8~-26~-205~0.423913~1~0~BigWhiteEyes~0~1~0~1~1~1~0~0, CustomDecal><1471.131><325.411><-10~97~146~95~185~8~219~-480~0.6195652~1~0~CandyTag~0~1~1~0~0~0~1~1, CustomDecal><69.87067><273.0974><77~292~565~275~623~-224~81~-369~0~1~0~GreyBones~0.25~1~0.1086956~1~0.1086956~1~0.25~1, 
AmbientSounds: OMNI><AM_SUB-BlankState.ogg><546.1996><16.51172><0.423913><1, OMNI><SO_WAT-LilDrips.ogg><148.3055><9.703339><0.3695652><1, OMNI><AM_SUB-CaveTone.ogg><353.8074><14.80396><0.3913043><1, SPOT><waterGurgleLOOP1.wav><754.0696><551.4136><0.1521739><1><-157.9304><341.4136><-14.35535><-259.3553><0><0.2086958, 
FadePalette: 4, 0.4130435, 0.4130435
