Clouds: 0.2391304
Palette: 20
EffectColorA: 19
EffectColorB: 21
PlacedObjects: LightSource><528.8121><519.4316><0.1847826~White~121~-202~422~-490.3975~1~0, LightSource><582.3488><274.8691><0.05434782~White~138~-185~366~-310.3975~1~0, CustomDecal><264.1998><268.7417><-3~140~230~128~187~0~-568~-614~0~1~0~TrainLogo~0.1413043~0~0.7391304~1~0~0~1~1, CustomDecal><633.0383><229.1963><0~112~78~96~83~7~-979.9999~-563~0.3369565~1~0~CactusMan~0.25~0~0.6956522~1~0.2608696~0~0.5~1, ReliableSpear><192.5685><388.5842><, Filter><147.8014><385.9758><0~100~-235~163~110, Filter><205.05><147.7545><0~100~272~-102~010, ReliableSpear><266.6739><165.8488><, 
AmbientSounds: OMNI><SO_WAT-LilDrips.ogg><148.949><36.47949><0.3695652><1, OMNI><AM_SUB-CaveTone.ogg><376.0688><20.68779><0.3913043><1, OMNI><AM_SUB-BlankState.ogg><602.77><61.30099><0.423913><1, 
FadePalette: 4, 0.4130435
