Template: NONE
WaveSpeed: 0.6364393
WaveLength: 0.9317803
WaveAmplitude: 9.470426E-08
SecondWaveLength: 0.1666667
SecondWaveAmplitude: 0
Clouds: 0.204413
Palette: 208
EffectColorA: 13
EffectColorB: 2
Effects:  
PlacedObjects: LightSource><927.3297><587.5703><0.2380968~Environment~-913.801~-130.6563~-256.3416~-283.4308~1~1~None~0~0, CustomDecal><112.5829><90.28723><10.25784~744.7831~768.3054~749.0544~786.2567~-17.93993~-308.5895~192.2136~0~1~1~rustymetal~0.1672469~1~0.1672469~1~0.1672469~1~0.1672469~1, CustomDecal><648.6651><125.8399><-25.64453~642.2692~529.811~616.6407~546.0526~-101.6596~-611.1952~-15.3771~0~1~1~squidsoup~0.06329942~1~0.4999997~1~0.1376313~1~0.1376313~1, LightBeam><124.4217><168.4208><16.24155~595.2836~1168.36~603.8264~1049.541~-81.15684~-107.7072~-207.5907~0.1398378~0~0.3623687~1~None~0~0, CustomDecal><126.3361><426.0396><8.548218~-517.8465~884.5608~-428.1469~940.9788~30.75415~-312.0088~-312.6674~0~1~1~rf_sand~0.2305462~0.1672471~0.2305462~0.1672471~0.2305462~0.1672471~0.2305462~0.1672471, CustomDecal><216.7009><160.1302><-30.77347~728.5517~834.1263~735.386~793.0951~101.6596~-162.4155~206.7364~0~1~1~runningwhite~0.1022064~1~0~1~0.1393725~1~0.1207892~1, PlayerPushback><1113.951><540.8951><-194.8987~-40.10236,    
AmbientSounds: OMNI><AM_ENV-LightWind.ogg><72.65096><525.0209><0.3699188><1, OMNI><SO_WAT-OpenFlow.ogg><71.65852><449.5376><0.2026712><1, SPOT><SO_IND-HVAC.ogg><151.4815><339.7735><0.2584209><1><477.6142><208.6767><-84.08002><-59.27525><0><0.1, SPOT><SO_IND-HVAC.ogg><282.1118><461.241><0.2212548><1><479.1669><576.1776><-75.5318><-66.96381><0><0.1, SPOT><AM_ENV-NatWind.ogg><721.1492><488.2499><0.5><1><1044.717><610.875><-243.0763><-119.9293><0><0.2858303, 
FadePalette: 0, 0.3995348
