Template: NONE
Clouds: 0.2065217
Grime: 0.2391304
Palette: 208
EffectColorA: 13
EffectColorB: 2
PlacedObjects: CustomDecal><4127.52><268.699><-11~249~608~292~638~-62~-133~-94~0~1~1~rf_sand~0.1086956~0.08695652~0.5~0.08695652~0.6086956~0.08695652~0.5~0.08695652, CustomDecal><3316.68><17.08656><-87~551~746~679~744~13~273~-329~0~1~1~rf_sand~0.5~0.1304348~0.5~0.1304348~0.5~0.1304348~0.5~0.1304348, CustomDecal><2706.122><386.1537><209~321~864~202~655~-295~554~-669~0~1~1~rf_sand~0.5~0.08695652~0.5~0.08695652~0.5~0.08695652~0.5~0.08695652, CustomDecal><1960.682><450.4166><3~422~634~451~884~42~864~-481~0~1~1~rf_sand~0.5~0.09782609~0.5~0.09782609~0.6086956~0.09782609~0.25~0.09782609, CustomDecal><1859.159><122.8707><-30~508~1266~494~1282~55~0~0~0~1~1~runningwhite~0.1956522~1~0.1956522~1~0.1956522~1~0.1956522~1, CustomDecal><833.8854><35.66391><16~623~1289~619~1335~34~0~0~0~0.9239131~1~rust1~0.5~1~0.5~1~0.5~1~0.5~1, LightSource><4368.384><447.8983><0.05434782~Environment~393~-22~-241~-380.3975~1~1~None~0~0, LightSource><3444.525><405.5516><0.08695652~White~318~-131~-305.999~153.6026~1~1~None~0~0, LightBeam><3537.414><428.3195><32~231~101~250~336~48~-404~-51~0.4760868~0~0~1~None~0~0, LightSource><3686.686><482.6772><0.09782609~Environment~165~-7~50~86.60254~1~1~None~0~0, LightSource><1528.825><397.0709><0.2065217~White~2179~-109~50~86.60254~1~1~None~0~0, LightSource><517.1345><551.8464><0.06679568~White~426.7847~-254.5896~177~-71.39746~1~1~None~0~0, LightSource><2295.819><721.0859><0.07608695~White~509~-375~490~-372.3975~1~1~None~0~0, CustomDecal><626.7476><524.4947><-9.617004~246.8865~633.0651~280.8576~621.3567~41.92551~-827.1664~-219.6563~0~1~1~rf_sand~0.4673913~1~0.5978261~1~0.3695652~1~0~1, CustomDecal><544.3064><395.1919><27~-442~1793~-428~1783~38~-53~-412~0~0.9239131~1~blackrust1~0.5543478~1~0.5543478~1~0.5543478~1~0.5543478~1, CustomDecal><1875.153><415.9251><9~-462~832~-454~760~2~172~-349~0.2717391~0.9565217~1~blackrust1~0.5~1~0.5~1~0.5~1~0.5~1, CustomDecal><102.7731><173.193><20.51566~476.5384~770.8699~473.1212~746.9349~71.75972~-164.98~-183.6707~0~1~1~rustb1~0.3420447~1~0.3420447~1~0.3420447~1~0.3420447~1, GoldToken><3607.469><532.3744><-38.46686~86.33148~-241.9136~-189.6508~0~WRFA~~0~0~0~0~0~0~0, DeadTokenStalk><3707.901><519.3748><12.82227~75.22577, RippleSpawnEgg><2788.565><286.3629><, RippleSpawnEgg><2706.841><287.936><, RippleSpawnEgg><2600.833><281.1594><, RippleSpawnEgg><375.2994><283.6468><, RippleSpawnEgg><512.3145><285.14><, CurvedSlope><1721.606><300.0409><41.05447~712.05^97.38821~190.6245^70.1001~455.6045^93.06787~, CurvedSlope><942.607><394.4542><35.92883~535.1026^-107.6396~253.0263^-9.348175~353.881^-23.96887~, CurvedSlope><3895.169><216.8171><100~405^163~140^57~301^153~, RippleEggFilter><2683.429><287.6605><-133~57~0~0~0.1521739, RippleEggFilter><446.1979><289.9709><-165~-1~0~0~0.1521739, 
AmbientSounds: OMNI><AM_ENV-LightWind.ogg><26.3042><521.4425><0.3152174><1, SPOT><SO_WAT-ProperDrips.ogg><228.1982><486.223><0.5><1><4237.198><311.223><1262.645><-306.3553><0><0.1, SPOT><AM_ENV-NatWind.ogg><33.98114><396.1991><0.3695652><1><1557.982><397.1991><976.6447><-154.3553><0><0.3173913, SPOT><AM_WIN-HowlingWnd.ogg><55.17603><272.4051><0.1847826><1><1517.176><380.4051><-188.3553><-240.3553><0><0.1434784, SPOT><SO_WAT-OpenFlow.ogg><227.1215><342.9088><0.2065217><1><3734.122><12.90884><-652.3553><44.64465><0><0.1, SPOT><SO_IND-HVAC.ogg><253.6822><220.4175><0.3043478><1><383.6822><415.4175><-54.35535><-52.35535><0><0.1, SPOT><SO_WAT-OpenFlow.ogg><761.514><443.431><0.2584209><1><4687.11><168.7747><-136.2239><-62.69238><0><0.1371659, 
FadePalette: 0, 0.4474071, 0.3618517, 0.2391304, 0.1413043, 0.08695652
