Template: NONE
Clouds: 0
Grime: 0
BkgDroneVolume: 0
Palette: 80
EffectColorA: 10
EffectColorB: 16
Effects: Fog-1-20-20, Contrast-0.0326087-288-9, DarkenLights-0.5014738-35.12619-89.8054, 
PlacedObjects: Corruption><791.0996><247.9234><0~100, CorruptionTube><684.6593><232.379><-267~70, Corruption><599.1997><102.7384><1~94, Corruption><570.5808><451.8934><1~51, CorruptionTube><674.1556><296.3756><-144~95, CorruptionTube><703.8407><315.3709><62~98, CorruptionTube><685.0341><273.4471><-265~67, CustomDecal><156.3246><131.9038><48~283~663~441~760~-116~-503~-476~0~1~0~xColdStorageLogo~0.1521739~1~0.1521739~1~0.1521739~1~0.1521739~1, Corruption><497.0629><378.8206><11~32, Corruption><421.2985><337.556><-3~34, CorruptionTube><714.55><308><70~97, Corruption><791.4464><422.7881><5~35, CustomDecal><210.2238><172.3017><11~150~465~272~175~-2~-523~-514~0.3478261~1~0~DeepBlackSquare~1~0~1~0~1~0~1~0, NoSpearStickZone><994.412><46.4296><0~93, CustomDecal><392.7184><106.3025><0~264~258~264~258~-1~-826~248~0.326087~0.3369565~0~BigScaryBlueFace~0.4021739~0.3043478~0.4021739~0.3043478~0.4021739~0.3043478~0.4021739~0.3043478, ReliableSpear><512.5609><170.3095><, WallMycelia><578.5963><257.128><78~238, WallMycelia><272.6303><236.8398><0~100, CorruptionTube><671.5676><304.1679><-88~88, CorruptionTube><680.8907><254.1079><-81~-127, CorruptionTube><685.5549><253.2939><-66~185, Corruption><679.8612><273.8338><9~43, RippleSpawnEgg><592.4893><272.9615><, 
AmbientSounds: OMNI><SO_IND-HVAC.ogg><139.1564><24.92673><0.1521739><1, OMNI><SO_IND-WeirdVent.ogg><335.3168><32.16983><0.1521739><1, OMNI><SO_SFX-GlassGhost.ogg><718.054><29.5574><0.1413043><1.802174, OMNI><SO_SFX-LakeBottom.ogg><524.8852><27.66379><0.3586957><1, SPOT><RWTW_AR_BarkingDevice.ogg><746.0273><562.9481><0.4021739><0.1195652><715.0273><242.9481><-192.3553><-57.35535><0><0.154348, 
FadePalette: 454, 0.8043478
