Template: NONE
Clouds: 0.8586956
Grime: 0
Palette: 81
EffectColorA: 10
EffectColorB: 9
Effects: Fog-1-20-20, Wasp-1-288-19, DarkenLights-0.5014738-35.12619-89.8054, 
PlacedObjects: CustomDecal><-185.55><123.9436><-6~392~1321~641~1364~55~-222~-466~0~1~0~xColdStorageLogo~0.1521739~1~0.1521739~1~0.1521739~1~0.1521739~1, CustomDecal><349.934><314.6052><0~92~96~92~96~0~-580.933~-634.4615~0~0.6167838~0~xColdStorageLogo~1~0~1~0~1~0~1~1, CustomDecal><20.56104><215.4345><-1~135~281~150~230~24~-389~-562~0.3152174~0.3369565~0~SquidSoup(B&W)~0.9021739~0.3586957~0.6086956~0.3586957~0.25~0.3586957~0~0.3586957, CustomDecal><89.80432><262.9587><5~208~170~219~159~11~-339~-605~0~0.3043478~0~WhiteEye~0.25~0.5108696~1~0.5108696~0.25~0.5108696~1~0.5108696, CustomDecal><416.8173><164.9186><15~317~523~305~547~17~415~-258~0.3152174~1~0~DataPanel~0.5~0.1086956~0.5~0.1086956~0.5~0.1086956~0.5~0.1086956, CustomDecal><330.9242><-54.81491><11~774~123~771~142~0~-656~-295~0~0.4891304~0~RidgeMap~0.4021739~1~0.4021739~1~0.4021739~1~0.4021739~1, LightSource><702.5927><407.8765><0.05434782~Environment~-603~-379~-435~-506.3975~1~0~None~0~0, SSLightRod><969.5614><484.4333><-415.0392~-584.3419~0.25~0~170.8695~0, SSLightRod><767.8813><471.3491><99.28839~-184.8066~0.2391304~0~162.6087~0, CustomEntranceSymbol><470.1973><110.283><-359.6795~75~Shortcutcannon_Symbol_3~0.5, Warp><463.1097><75.64258><32~94~0;0^20;0^20;20^0;20~WARE_I01~14.57606~29.71736~False~0~0~True, 
AmbientSounds: OMNI><SO_IND-HVAC.ogg><134.4771><34.30132><0.2065217><1, SPOT><SO_IND-WeirdVent.ogg><772.8265><487.0995><0.2065217><1><472.8265><700.0995><1.644653><-103.3553><0><1, 
FadePalette: 454, 0.75
