Template: NONE
Clouds: 0.8586956
Grime: 0
Palette: 81
EffectColorA: 10
EffectColorB: 10
Effects: Salt Flakes-0.4565217-20-20, Fog-1-282-22, DarkenLights-0.5014738-35.12619-89.8054, 
PlacedObjects: LightSource><447.3523><502.3713><0.05434782~White~270~-401~439~-438.3975~0~1~None~0~0, CustomDecal><140.1865><808.2016><-65~520~950~543~474~53~-524~-1048.043~0~1~0~GreyBones~0.1521739~1~0.1521739~1~0.1521739~1~0.1521739~1, CustomDecal><102.4352><198.9244><-80~623~822~625~731~-144~-516~-436~0~1~0~GreyBones~0.1521739~1~0.1521739~1~0.1521739~1~0.1521739~1, CustomDecal><148.9277><610.5917><-14~119~156~133~156~10~-490~-848~0~0.08695652~0~WindWarning~1~0~1~0~1~0~1~0, LightSource><458.0502><542.7592><0.2065217~Environment~619~-582~165~-530.3975~1~0~None~0~0, DandelionPatch><469.45><87.24727><-22~134, DandelionPatch><165.3867><205.1041><3~92, ReliableSpear><721.8116><363.4328><, ReliableSpear><119.1653><329.8188><, ReliableSpear><757.9983><1131.95><, ReliableSpear><578.974><111.9483><, ReliableSpear><646.5507><95.76698><, LocalBlizzard><482.2141><765.3032><-550~-543~-272~-379.3975~0.1086956~1~0.5, KarmaFlower><757.5779><620.8982><0~0~5~7, RippleSpawnEgg><295.7453><1126.07><, RippleSpawnEgg><699.2913><1141.113><, RippleEggFilter><521.0458><1176.961><-353.0612~20.97562~0~0~0.3093302, 
AmbientSounds: OMNI><AM_ENV-CityTone.ogg><113.1689><99.35718><0.1086956><1, OMNI><AM_WIN_Hilltop.ogg><298.3899><98.89297><0.2065217><1.9, OMNI><SO_IND-HVAC.ogg><303.3218><11.09074><0.08695652><1, OMNI><SO_IND-WeirdVent.ogg><116.4272><14.90723><0.08695652><1, SPOT><SO_IND-WeirdVent.ogg><211.0909><460.0719><0.1521739><1><484.0909><1277.072><-281.3553><-284.3553><0><0.02391318, SPOT><SO_IND-HVAC.ogg><31.15619><461.9266><0.1521739><1><486.1562><1277.927><-295.3553><-273.3553><0><0.02391318, SPOT><AM_WIN_Hilltop.ogg><548.4528><8.444336><0.25><1.9><478.4528><447.4443><85.64465><-331.3553><0><0.1, SPOT><SO_IND-Boiler.ogg><27.17963><309.912><0.3586957><0.8043478><273.1796><1231.912><-53.35535><-53.35535><0><0.1760869, SPOT><RWTW_AR_Heater.ogg><767.9261><428.4051><0.1086956><0.7065217><693.9261><1008.405><-35.35534><-35.35534><0><0.1869567, 
FadePalette: 454, 0.7065217, 0.4565217
