Template: NONE
Clouds: 0.4456522
Grime: 0
Palette: 81
EffectColorA: 10
EffectColorB: 13
Effects: Fog-1-20-20, Flies-0.1086956-281-19, Salt Flakes-0.4021739-22-82, DarkenLights-0.5014738-35.12619-89.8054, 
PlacedObjects: LightSource><390.3157><111.3111><0.2065217~Environment~499~-253~-544~-62.39746~0~0~None~0~0, LightSource><1367.57><101.8378><0.1218992~Environment~559~-143~-278~-159.3975~0~0~None~0~0, CustomDecal><55.73869><-43.65294><7~772~1361~766~1359~-1~-193.8471~-292.0652~0~0.3586957~1~GreyBones~0.2065217~1~0.2065217~1~0.2065217~1~0.2065217~1, CustomDecal><1185.307><-43.5531><4~766~748~762~780~0~708~-73~0~1~1~GreyBones~0.1413043~1~0.1413043~1~0.1413043~1~0.1413043~1, DangleFruit><149.9413><605.9417><-551.9657~-192.6851~6~12, DangleFruit><1015.18><472.6622><-1422.063~24.4729~5~10, DangleFruit><812.8063><378.2997><-1217.318~197.7051~5~8, LightSource><1347.073><350.844><0.1086956~Environment~340~-164~-370~-219.3975~1~0~None~0~0, LightSource><914.6261><585.843><0.1847826~Environment~137~-520~50~86.60254~1~0~None~0~0, LightSource><913.4148><37.66807><0.2003306~Environment~-618~337~-874.0612~412.7121~1~0~None~0~0, LightSource><901.9675><58.94518><0.06521739~White~-1347~-751~-261~-152.3975~0~1~None~0~0, LightSource><1677.552><106.4702><0.2065217~Environment~7~257~-377~-96.39746~1~0~None~0~0, LightSource><1363.894><528.8884><0.2065217~Environment~0~100~50~86.60254~1~0~None~0~0, LightSource><1656.829><257.8535><0.2173913~Environment~0~124~50~86.60254~1~0~None~0~0, LightSource><560.328><412.1632><0.05434782~White~-938~-553~115~-91.39746~0~1~None~0~0,  SSLightRod><330.3017><209.1308><-414.1756~50.49588~0.3153624~0~166.6909~1, ReliableSpear><937.9039><112.279><,    
AmbientSounds: OMNI><AM_ENV-SubTerr.ogg><137.6454><15.4205><0.1521741><1, OMNI><SO_NAT-Fire.ogg><333.1008><13.11679><0.1521733><1, SPOT><SO_IND-Survey.ogg><813.6945><27.70361><0.2065217><1.019565><1101.694><127.7036><-64.35535><-75.35535><0><0.1, OMNI><AM_WIN_Hilltop.ogg><523.1943><14.69208><0.1847826><1.9, SPOT><RWTW_AR_Pumps.ogg><739.9006><489.4236><0.2065217><0.1586957><914.9006><504.4236><-35.35534><-35.35534><0><0.1, OMNI><RWTW_AR_WindyCliff.ogg><745.1304><305.6602><0.08695652><0.8043478, SPOT><SO_IND-FlourLight.ogg><29.92139><286.3739><0.4060624><1.108699><331.2095><287.7582><-45.23221><-89.67818><0><0.1, 
FadePalette: 454, 0.5, 0.5
