Template: NONE
Clouds: 0.8586956
Grime: 0
Palette: 81
EffectColorA: 10
EffectColorB: 5
Effects: Fog-1-20-20, DarkenLights-0.5014738-35.12619-89.8054, 
PlacedObjects: CustomDecal><318.549><121.4439><2~117~72~119~74~-1~-694~-456~0.2826087~1~0~DataPanel~1~0~1~0~1~0~1~0, CustomDecal><219.5397><138.054><-223~391~309~369~761~-83~-637~-472~0~1~0~xColdStorageLogo~0.2065217~1~0.2065217~1~0.2065217~1~0.2065217~1, CustomDecal><479.2904><128.1959><-3~114~68~115~67~-3~-819~-464~0.326087~1~0~DataPanel2~1~0~1~0~1~0~1~0, CellDistortion><511.5338><129.8029><2~50~321~165.6025~0.0326087~0.8043478~0~1, CellDistortion><354.574><129.8142><2~50~380~282.6025~0.0326087~0.8043478~0~1, LightSource><356.7214><118.3021><1~EffectColor1~1~101~-704~132.6025~0~0~Fade~0.9021739~0, LightSource><512.9438><123.4507><1~EffectColor1~-1~103~-492~-3.397461~0~0~Fade~0.9021739~0, RippleSpawnEgg><428.6091><181.9656><, RippleSpawnEgg><592.8861><179.7598><, RippleEggFilter><510.1423><212.0786><0~100~0~0~0.1546651, 
AmbientSounds: SPOT><AM_ENV-CityTone.ogg><856.6818><577.0835><0.1521739><1><856.6818><192.0835><-35.35534><-35.35534><0><0.1, SPOT><AM_WIN_Hilltop.ogg><875.7556><474.8001><0.1521739><1><855.7556><191.8001><-35.35534><-35.35534><0><0.1, OMNI><SO_IND-HVAC.ogg><749.878><172.9037><0.2065217><1, OMNI><SO_IND-WeirdVent.ogg><226.9456><104.5417><0.2065217><1, SPOT><SO_SFX-DataTrans.ogg><469.1985><417.2258><0.2065217><1><514.1985><182.2258><-35.35534><-35.35534><0><0.08913057, SPOT><SO_SFX-DataTrans.ogg><215.0073><401.4499><0.2065217><1><358.0073><184.4499><-35.35534><-35.35534><0><0.08913057, SPOT><RWTW_AR_Pumps.ogg><417.8674><27.89972><0.1413043><1.9><512.8674><224.8997><-35.35534><-35.35534><0><0.1, SPOT><RWTW_AR_Pumps.ogg><597.8419><-6.872437><0.1521739><1.9><353.8419><221.1276><-35.35534><-35.35534><0><0.1, 
FadePalette: 454, 0.8018869
