Clouds: 0.05434782
Grime: 0
Palette: 80
EffectColorA: 10
EffectColorB: 10
Effects: Fog-1-20-20, 
PlacedObjects: CustomDecal><254.6474><234.8648><0~195~1485~195~1486~0~-338.9999~-245~0~1~1~DeepBlueSquare~1~0.3369565~1~0.3369565~1~0.3369565~1~0.3369565, WaterNut><423.0507><274.2342><-596~169~1~2, WaterNut><560.1638><277.3647><-731~260~2~3, WaterNut><1220.14><265.3327><752~-209~1~2, CustomDecal><258.3644><223.353><-82~240~913~209~917~0~-597~-546~0~1~0~GreyBones~0.1086956~1~0.1086956~1~0.1086956~1~0.1086956~1, CustomDecal><251.6522><219.6297><-54~207~912~209~918~-10~-652~-549~0~1~0~BlueSmoker~0.2065217~1~0.2065217~1~0.2065217~1~0.2065217~1, CustomDecal><1069.2><210.9917><-9~209~956~182~530~-4~-1314~-534~0~1~0~GreyBones~0.05434782~1~0.05434782~1~0.05434782~1~0.05434782~1, CustomDecal><1071.184><212.0794><-13~193~906~191~565~-12~-1374~-537~0~1~0~BlueSmoker~0.1086956~1~0.1086956~1~0.1086956~1~0.1086956~1, LightSource><1699.184><210.8276><0.3043478~EffectColor1~-89~209~401~3.602489~0~0~None~0~0, LightSource><548.9105><173.5711><0.3043478~EffectColor1~-4~340~381~330.6025~0~0~None~0~0, CustomDecal><702.4969><259.55><-12~45~220~48~224~-2~-819.0001~-594~0.3043478~0.5217391~0~BigGreen~0.2065217~1~0.2065217~1~0.2065217~1~0.2065217~1, ReliableSpear><1495.221><242.3022><, DeadTokenStalk><650.9576><253.3045><-40~-30, ReliableSpear><1648.838><281.6322><,     
AmbientSounds: OMNI><SO_NAT-WindTunnel.ogg><153.8619><20.39462><0.1086956><1, OMNI><SO_SFX-Drowning.ogg><740.566><536.4218><0.2065217><1, OMNI><RWTW_AR_DripWorks.ogg><466.9023><113.6204><0.1521739><1, SPOT><SO_WAT-Splashes.ogg><839.5283><316.4978><0.3993524><1><650.1207><209.0635><-35.35534><-35.35534><0><0.1, SPOT><SO_WAT-Splashes.ogg><-1000><-1000><0.419482><1><969.8379><221.0993><-35.35534><-35.35534><0><0.1, SPOT><SO_WAT-Splashes.ogg><685.3947><120.3192><0.3926432><1><1432.343><224.8551><-35.35534><-35.35534><0><0.1, 
FadePalette: 33, 0.9782609, 0.9782609
