Clouds: 0.05434782
Grime: 0
Palette: 80
EffectColorA: 10
EffectColorB: 12
Effects: Fog-1-20-20, 
PlacedObjects: LightSource><512.0522><287.7798><0.3043478~EffectColor1~0~100~405~-390.3975~0~0~None~0~0, LightSource><357.2733><292.5514><0.3043478~EffectColor1~0~100~521~-392.3975~0~0~None~0~0, LightSource><514.4466><139.7133><1~EffectColor1~-98~334~327.9999~-237.3975~0~0~None~0~0, CustomDecal><241.3621><211.8551><71~374~550~214~405~-65~-624~-545~0~1~0~GreyBones~0.09782609~1~0.09782609~1~0.09782609~1~0.09782609~1, CustomDecal><221.4867><201.1996><86~396~476~299~460~-65~-655~-546~0~1~0~BlueSmoker~0.1847826~1~0.1847826~1~0.1847826~1~0.1847826~1, LightBeam><315.0524><299.9695><-4~234~230~241~321~-7~451~-430~0.9021739~1~1~0~None~0~0, WaterNut><527.2218><334.448><-811~-14~2~3, WaterNut><417.2598><319.0502><-705~-93~2~3, WaterNut><334.3088><345.0588><-516~61~2~3, LightBeam><468.0015><228.95><-207~337~-131~356~345~-67~368.9999~-167~0.4108701~0~0~0~None~0~0, RippleSpawnEgg><429.8918><440.1963><, RippleEggFilter><453.1218><464.0734><0~100~0~0~0.3093295, 
AmbientSounds: OMNI><SO_NAT-WindTunnel.ogg><119.4493><10.76627><0.1086956><1, OMNI><SO_SFX-Drowning.ogg><326.3><23.4986><0.2065217><1, SPOT><SO_SFX-ColdNight.ogg><287.621><365.7828><0.2049123><1.9><-163.4004><688.4235><-411.3553><141.6447><0><0.4036789, OMNI><RWTW_AR_DripWorks.ogg><142.1996><112.4868><0.1304348><1, SPOT><SO_WAT-Splashes.ogg><763.8278><399.5163><0.4060622><1><592.9276><260.4763><-18.68811><-25.47845><0><0.07316125, SPOT><SO_WAT-Splashes.ogg><764.0948><399.5959><0.4060622><1><511.7104><259.9386><-19.30536><-21.77463><0><0.07316125, SPOT><SO_WAT-Splashes.ogg><764.1193><399.6735><0.4060622><1><428.3987><258.7816><-19.92273><-24.86118><0><0.07316125, SPOT><SO_WAT-Splashes.ogg><763.8406><399.877><0.4060622><1><349.105><258.3678><-20.54004><-21.15735><0><0.07316125, 
FadePalette: 33, 0.9586956
