Clouds: 0.05434782
Grime: 0
Palette: 80
EffectColorA: 10
Effects: Fog-1-20-20, 
PlacedObjects: CustomDecal><272.3341><263.3185><-94~204~563~180~481~-25~-647~-609~0~1~0~GreyBones~0.05434782~1~0.05434782~1~0.05434782~1~0.05434782~1, CustomDecal><223.1381><256.3342><-92~253~625~183~489~-132~-637~-599~0~1~0~BlueSmoker~0.1086956~1~0.1086956~1~0.1086956~1~0.1086956~1, LightSource><320.4695><188.3024><0.3043478~EffectColor1~-181~306~599~-104.3975~0~0~None~0~0, FlareBomb><485.8023><207.2803><-676~327~1~2, CustomDecal><404.521><451.5511><47~-123~-134~-159~-196~-53~-589~-531~0.25~1~0~BubbleWeed~0.5~0~0.5~0~0.5~0~0.5~0, LightSource><585.5607><175.3094><0.3043478~EffectColor1~-80~317~-18~-187.3975~0~0~None~0~0,   
AmbientSounds: OMNI><SO_NAT-WindTunnel.ogg><153.8423><26.37704><0.1086956><1, OMNI><SO_SFX-Drowning.ogg><349.1991><37.76886><0.2065217><1, OMNI><RWTW_AR_DripWorks.ogg><141.181><123.8351><0.1521739><1, SPOT><RWTW_AR_Heater.ogg><137.764><255.5505><0.1086956><0.9021739><472.764><328.5505><-35.35534><-35.35534><0><0.05652187, 
FadePalette: 33, 0.9782609
