Clouds: 0.05434782
Grime: 0
Palette: 80
EffectColorA: 10
Effects: Fog-1-20-20, Ripple Settings-0-1023.299-28.29143-Watcher-WARC-warc_b12-0-2-8-0.3031364, 
PlacedObjects: BubbleGrass><747.3797><154.1598><-939.0001~387~1~2, CustomDecal><315.5762><164.8489><-130~371~533.6144~341.7088~386~-152~-698~-509~0~1~0~GreyBones~0.1086956~1~0.1086956~1~0.1086956~1~0.1086956~1, CustomDecal><315.6469><165.5787><-122.1614~360.8542~649~348~455~-213~-736~-506~0~1~0~BlueSmoker~0.1521739~1~0.1521739~1~0.1521739~1~0.1521739~1, LightSource><756.3412><222.8784><0.2065217~EffectColor1~0~100~-108~-280.3975~0~0~None~0~0, LightSource><594.3773><222.158><0.2065217~EffectColor1~0~100~315~-277.3975~0~0~None~0~0, CustomDecal><296.1718><141.3976><0~90~98~90~98~0~-535~-50.00002~0~0.1086956~0~xSalinationLogo~1~0~1~0~1~0~1~0, WarpPoint><654.3783><380.9694><243.7781~-88.85373~Watcher~Watcher~WARC~WARC_B12~1630~70~78540579-c9e1-4962-8d56-ac59ee9b2e1e~WatcherOnly~0~6~8~4~8~4~4~4~7~150~150~-1~0~0~false~false~false~false~false~0~-1~-1~-1, CosmeticRipple><818.6774><385.179><0~0~-235.9163~-83.71976~818.6774~385.179~250.3307~0.9274093~0.7491283~False~0.5~True~0.2508704~False~-1~0~False, CosmeticRipple><285.0034><666.6089><-17.09637~-270.8076~41.89987~-237.4905~285.0034~666.6089~241.1584~0.4999993~0.5261337~False~0.5~True~0.3437852~False~-1~0~False, CosmeticRipple><830.7173><617.7247><-0.8548584~-375.0301~-212.8361~-155.4794~830.7173~617.7247~263.5774~0.6486644~0.1823478~False~0.5~True~0.2508704~False~-1~0~False, 
AmbientSounds: OMNI><SO_NAT-WindTunnel.ogg><117.397><21.36438><0.1521739><1, SPOT><AM_IND-Fabrik01.ogg><124.8016><124.2753><0.5><0.3543478><-24.19836><419.2753><163.6447><-100.3553><0><0.1000001, OMNI><RWTW_AR_DripWorks.ogg><313.6625><27.86664><0.1413043><1, SPOT><RWTW_AR_Heater.ogg><748.2864><504.8033><0.1630435><0.4521739><766.2864><401.8033><-45.35535><-42.35535><0><0.1326088, 
FadePalette: 33, 0.9021739
