Clouds: 0.05434782
Grime: 0
Palette: 80
EffectColorA: 10
EffectColorB: 10
Effects: Fog-1-20-20, 
PlacedObjects: CustomDecal><549.2734><240.0514><-5~113~112~114~116~3~-755~-578~0~0.1413043~0~xSalinationLogo~1~1~1~1~0~1~0.6521739~1, CustomDecal><-199.7719><104.4488><-7~455~1362~447~1355~27~-155~-448~0~1~0~GreyBones~0.09782609~1~0.09782609~1~0.09782609~1~0.09782609~1, CustomDecal><71.29773><55.44421><-2~490~1361~518~1358~24~-495~-399~0~1~0~BlueSmoker~0.2065217~1~0.2065217~1~0.2065217~1~0.2065217~1, CustomDecal><-173.5342><193.9954><-19~226~295~190~307~15~-143~-573~0.6413044~0.6847826~0~BigGreen~0.5~1~0.5~1~0.5~1~0.5~1, CustomDecal><459.4204><103.4335><4~454~-1249~418~-1264~1~-847~-447~0~1~0~BlueSmoker~0.2065217~1~0.2065217~1~0.2065217~1~0.2065217~1, CustomDecal><-310.6162><291.044><6~212~498~269~481~-5~-738~-586~0.6521739~0.6956522~0~BadSkin~0.6304348~0~0.6304348~0~0.6304348~0~0.6304348~0, LightSource><636.6624><81.13324><1~EffectColor1~-276~299~-69~-90.39746~0~0~None~0~0, LightSource><142.5605><60.44061><1~EffectColor1~302~365~50~86.60254~0~0~None~0~0, BubbleGrass><329.8961><349.6709><-627~108~1~1, BubbleGrass><410.0669><350.3115><-680~191~1~3, LightSource><891.4417><319.6926><0.05434782~EffectColor2~-207~376~-14~-387.3975~0~0~None~0~0, LightSource><-5.654358><286.1228><0.2065217~EffectColor2~881~669~-51~144.6025~0~0~None~0~0, BubbleGrass><477.1838><353.5789><238~15~1~1, DynamicWarpTarget><490.213><418.0535><-130~184~4~false~false, KarmaFlower><551.2142><373.131><0~0~5~7, WarpFilter><576.6857><373.4353><-2~44, 
AmbientSounds: OMNI><SO_NAT-WindTunnel.ogg><119.4493><10.76627><0.1086956><1, OMNI><SO_SFX-Drowning.ogg><326.3><23.4986><0.2065217><1, OMNI><RWTW_AR_DripWorks.ogg><159.9816><132.5508><0.1521739><1, SPOT><SO_WAT-Splashes.ogg><765.4586><397.5118><0.4060622><1><474.8013><6.611481><351.0775><-110.0492><0><0.1, 
FadePalette: 33, 0.9586956
