Clouds: 0.05434782
Grime: 0
WaterReflectionAlpha: 0.1521739
Palette: 80
EffectColorA: 10
EffectColorB: 10
Effects: Fog-1-20-20, Ripple Settings-0-283-127-White-WRFD-wrfd_f04-0-5-210-1, 
PlacedObjects: CustomDecal><-92.40875><38.87836><18~545~1133~563~971~86~-89.99991~-352~0~1~0~BlueSmoker~0.2065217~1~0.2065217~1~0.2065217~1~0.2065217~1, LightSource><467.7898><555.0503><0.5~EffectColor1~12.81531~83.45758~-794~-373.3975~0~0~None~0~0, LightSource><231.3013><553.8593><0.5~EffectColor1~22.13647~82.75372~-398~-105.3975~0~0~None~0~0, CustomDecal><256.8719><341.0915><-9~163~174~143~178~2~-48.11633~-667.243~0~0.01086957~0~bluesmoker~0.3048719~0~0.3048719~0~0.3048719~0~0.3048719~0, CustomDecal><580.5576><204.6915><-5~164~187~125~214~12~-301.7669~-526.1633~0~0.05434782~1~bluesmoker~0.3067534~0~0.3067534~0~0.3067534~0~0.3067534~0, CustomDecal><570.8862><257.6036><-25.87689~269.7404~176~196~178~-30~-431~-566~0.3043478~1~0~RoundBlack~1~0~1~0~1~0~1~0, CustomDecal><120.3428><206.1263><-32~326~791~403~716~-95~225.0581~-539.3711~0~1~0~GreyBones~0.1086956~1~0.1086956~1~0.1086956~1~0.1086956~1, LightSource><757.7689><109.9491><0.3580269~EffectColor1~161~312~143.2264~-244.5291~0~0~None~0~0, LightSource><302.9412><186.8089><0.3043478~EffectColor1~-41~328~-600~123.6025~0~0~None~0~0, CustomDecal><587.9471><295.0338><0~123~129~123~129~0~29.86835~-625.2482~0.2885225~1~0~xSalinationLogo~1~0~1~0~1~0~1~0, 
AmbientSounds: OMNI><SO_NAT-WindTunnel.ogg><20.9483><121.1932><0.1086956><1, OMNI><RWTW_AR_DripWorks.ogg><124.5423><8.445435><0.1304348><1, 
FadePalette: 33, 0.9021739
