Clouds: 0.05434782
Grime: 0
Palette: 80
EffectColorA: 10
PlacedObjects: LightSource><614.7377><344.6996><0.3043478~EffectColor1~95~24~298~-190.3975~0~0~None~0~0, LightSource><457.5865><321.3848><0.3043478~EffectColor1~0~100~454.9999~-24.39749~0~0~None~0~0, LightSource><290.916><320.6115><0.3043478~EffectColor1~0~100~624~-97.39749~0~0~None~0~0, CustomDecal><281.871><145.3471><-197~332~276~293~556~67~-656~-482~0~1~0~GreyBones~0.05434782~1~0.05434782~1~0.05434782~1~0.05434782~1, CustomDecal><321.9196><182.6831><-250~281~303~246~553~-2~-737~-519~0~1~0~BlueSmoker~0.1086956~1~0.1086956~1~0.1086956~1~0.1086956~1, WaterNut><332.3494><362.3816><-572~159~1~3, WaterNut><491.3724><325.096><-721.0001~77~1~2, LightSource><837.3459><152.6755><0.3043478~EffectColor1~-141~293~17~-98.39746~0~0~None~0~0, LightSource><650.6138><132.8356><0.3043478~EffectColor1~75~317~50~86.60254~0~0~None~0~0, LightSource><475.3535><202.8638><0.3043478~EffectColor1~-7~250~219.1415~227.9654~0~0~None~0~0, LightSource><257.3454><204.1269><0.3043478~EffectColor1~-42~201~295.07~314.388~0~0~None~0~0,    
AmbientSounds: OMNI><SO_NAT-WindTunnel.ogg><148.8016><19.7243><0.1086956><1, OMNI><SO_SFX-Drowning.ogg><345.6569><26.177><0.2065217><1, SPOT><SO_IND-FlourLight.ogg><760.8094><221.4394><0.4276753><1><610.8094><343.4394><-35.35534><-35.35534><0><0.05652187, SPOT><SO_IND-FlourLight.ogg><802.1999><40.49387><0.4117053><1><459.1999><329.4939><-35.35534><-35.35534><0><0.05652187, SPOT><SO_IND-FlourLight.ogg><630.9512><44.69397><0.4503545><1><292.9512><327.694><-35.35534><-35.35534><0><0.05652187, OMNI><RWTW_AR_DripWorks.ogg><150.88><126.098><0.1521739><1, SPOT><SO_WAT-Splashes.ogg><773.6053><403.1309><0.3255443><1><611.3474><266.5601><-35.35534><-35.35534><0><0.1, SPOT><SO_WAT-Splashes.ogg><773.4429><402.9361><0.3255443><1><463.0318><268.8346><-35.35534><-35.35534><0><0.1, SPOT><SO_WAT-Splashes.ogg><773.4437><402.9522><0.3255443><1><290.8046><273.7892><-35.35534><-35.35534><0><0.1, 
FadePalette: 33, 0.9782609
