
Clouds: 0.3043478
Grime: 0
Palette: 80
EffectColorA: 10
Effects: Fog-0.8043478-20-20, Flies-0.1086956-280-25, 
PlacedObjects: CustomDecal><192.7435><179.5501><6~280~675~271~684~-27~-609~-518~0~1~0~GreyBones~0.1521739~1~0.1521739~1~0.1521739~1~0.1521739~1, CustomDecal><209.5669><191.6695><0~257~694~259~676~-65~-594~-531~0~1~0~BlueSmoker~0.05434782~0~0.05434782~0~0.1086956~0~0.1086956~0, CustomDecal><322.7314><257.1992><0~119~196~122~222~14~-471~-305~0.3152174~0.5~0~oki~0.173913~0~0.173913~0~0.173913~0~0.173913~0, KarmaFlower><265.7333><307.8215><0~0~5~7, 
AmbientSounds: OMNI><AM_ENV-Outside.ogg><145.7875><106.3036><0.2065217><1, OMNI><AM_ENV-NatWind.ogg><321.3005><97.23511><0.1521739><1, OMNI><SO_SFX-Drowning.ogg><325.972><24.552><0.08695652><1, OMNI><SO_NAT-WindTunnel.ogg><144.6883><24.68256><0.05434782><1, SPOT><waterGurgleLOOP1.wav><53.18146><456.0841><0.2065217><1><679.1815><42.08411><36.64465><-94.35534><0><0.3500001, SPOT><RWTW_AR_Heater.ogg><742.83><504.8948><0.1644154><0.9442814><405.83><243.8948><-35.35534><-35.35534><0><0.1, 
FadePalette: 33, 0.8043478
