Clouds: 0.05434782
Grime: 0
Palette: 80
EffectColorA: 10
Effects: Fog-1-20-20, 
PlacedObjects: LightSource><495.5967><153.675><0.3043478~EffectColor1~75~303~349~-153.3975~0~0~None~0~0, CustomDecal><143.0867><289.8846><31~253~667~100~684~-54~-562~-628~0~1~0~GreyBones~0.05434782~1~0.05434782~1~0.05434782~1~0.05434782~1, CustomDecal><142.2275><293.1987><30~268~696~111~669~-145~-510~-625~0~1~0~BlueSmoker~0.1086956~1~0.1086956~1~0.1086956~1~0.1086956~1, LightSource><77.9447><402.9545><0.3043478~EffectColor1~229~77~795~-448.3975~0~0~None~0~0, LightSource><735.0076><370.5502><0.3043478~EffectColor1~30~128~-142~-417.3975~0~0~None~0~0, LightSource><511.4095><307.3794><0.3043478~EffectColor1~0~100~-189~-346.3975~0~0~None~0~0, GoldToken><777.0715><313.4409><32.09998~29.62723~-404.3347~-1.347046~0~WARB~~0~0~0, RippleSpawnEgg><209.9188><457.3845><, 
AmbientSounds: OMNI><SO_NAT-WindTunnel.ogg><119.4493><10.76627><0.1086956><1, OMNI><SO_SFX-Drowning.ogg><326.3><23.4986><0.2065217><1, SPOT><SO_IND-FlourLight.ogg><598.4947><32.55006><0.4184139><1><512.4947><306.55><-35.35534><-35.35534><0><0.1, SPOT><AM_IND-Shock01.ogg><746.5714><502.6599><0.1288253><1><511.5714><305.6599><-35.35534><-35.35534><0><0.1, OMNI><RWTW_AR_DripWorks.ogg><119.2549><109.3><0.1521739><1, SPOT><SO_WAT-Splashes.ogg><773.3738><400.2058><0.4060629><1><641.9811><259.9312><-35.35534><-35.35534><0><0.1, SPOT><SO_WAT-Splashes.ogg><773.3796><400.145><0.4060629><1><508.6491><272.8338><-35.35534><-35.35534><0><0.1, 
FadePalette: 33, 0.9782609
