Clouds: 0.1086956
Grime: 0
Palette: 80
EffectColorA: 10
Effects: Fog-1-20-20, 
PlacedObjects: CustomDecal><267.3839><282.1628><-64~106~529~129~253~-164~-688~-622~0~1~0~GreyBones~0.05434782~1~0.05434782~1~0.05434782~1~0.05434782~1, CustomDecal><267.3022><285.9699><-14~101~381~213~424~-108~-649~-626~0~1~0~BlueSmoker~0.1086956~1~0.1086956~1~0.1086956~1~0.1086956~1, LightSource><425.1384><245.8943><0.3043478~EffectColor1~82~341~-242~-104.3975~0~0~None~0~0, BubbleGrass><620.7342><369.5507><-750~95~2~2, FlareBomb><381.3091><295.0595><-325~139~1~3, LightSource><500.7256><264.6985><0.4347826~EffectColor1~11~304~326~130.6025~0~0~Fade~0.1086956~0,  
AmbientSounds: OMNI><SO_NAT-WindTunnel.ogg><106.1141><4.914215><0.1086956><1, SPOT><SO_IND-MechHum02.ogg><49.13422><426.6631><0.3043478><0.4521739><493.1342><345.6631><-103.3553><-56.35535><0><0.06739144, OMNI><SO_SFX-Drowning.ogg><304.6403><9.142578><0.2065217><1, OMNI><RWTW_AR_DripWorks.ogg><527.3246><22.81445><0.1521739><1, SPOT><SO_WAT-Splashes.ogg><13.07771><224.2291><0.5><1><488.4957><361.1244><69.58649><-71.77634><0><0.1, 
FadePalette: 33, 0.9782609
