Clouds: 0.05434782
Grime: 0
Palette: 80
EffectColorA: 10
Effects: Fog-1-20-20, 
PlacedObjects: BubbleGrass><783.4253><391.4036><149.0001~-456~1~3, CustomDecal><172.4063><166.1251><-38~222~598~311~447~29~-589~-503~0~1~0~GreyBones~0.05434782~0~0.05434782~0~0.05434782~0~0.05434782~0, CustomDecal><404.8754><124.9059><-437~166~305~517~479~201~-771~-459~0~1~0~BlueSmoker~0.1086956~1~0.1086956~1~0.1086956~1~0.1086956~1, LightSource><232.275><331.8016><0.1086956~EffectColor1~-73~284~269.7312~-268.3385~0~0~None~0~0, BubbleGrass><690.027><390.8018><217~-371~1~1, LightSource><408.1254><230.0942><0.3043478~EffectColor1~36~-452~88~-227.3975~0~0~None~0~0, LightSource><231.6259><146.6375><0.5086521~EffectColor1~112.1485~201.0613~-456~259.6025~0~0~None~0~0, LightSource><598.8672><225.1005><0.3043478~EffectColor1~-200~298~274~-88.39746~0~0~None~0~0, AirPocket><164.5844><255.3413><126.2005~173.2299~-46.32312~-115.2417~Y~64.62146,  
AmbientSounds: OMNI><SO_NAT-WindTunnel.ogg><163.0558><36.20227><0.1086957><1, SPOT><SO_IND-Survey.ogg><153.5504><133.0128><0.402174><0.6086956><228.5504><367.0128><-30.35535><-33.35535><0><0.1217391, OMNI><SO_SFX-Drowning.ogg><357.1746><29.18524><0.2065217><1, OMNI><RWTW_AR_DripWorks.ogg><608.8952><27.38757><0.1521739><1, SPOT><RWTW_AR_Pumps.ogg><28.97354><459.8862><0.25><0.9021739><229.0971><363.6749><-1.355347><-25.35535><0><0.08913057, SPOT><SO_WAT-Splashes.ogg><754.7799><396.2921><0.4664506><1><577.0894><335.6498><-35.35534><-35.35534><0><0.1, 
FadePalette: 33, 0.9782609
