Clouds: 0.05434782
Grime: 0
Palette: 80
EffectColorA: 10
Effects: Fog-1-20-20, 
PlacedObjects: BubbleGrass><162.801><349.9805><-562~149~1~1, FlareBomb><503.3352><271.1366><-880~137~1~1, CustomDecal><32.02051><237.6989><5~270~902~215~808~-34~-419~-586~0~1~0~GreyBones~0.08695652~1~0.08695652~1~0.08695652~1~0.08695652~1, CustomDecal><33.86304><232.3543><3~266~921~214~902~-33~-455~-579~0~1~0~BlueSmoker~0.2065217~1~0.2065217~1~0.2065217~1~0.2065217~1, LightSource><456.6465><182.1362><1~EffectColor1~-38~328~454~-284.3975~0~0~None~0~0, LightBeam><69.89905><255.8667><0~202~770~204~779~-25~274~280~0.3695652~0~0~0~None~0~0, CustomDecal><39.33502><240.931><0~246~837~208~838~-31~-402.0001~-586~0.6630435~1~0~DeepBlueSquare~1~0~1~0~1~0~1~0, BubbleGrass><108.0602><358.9369><-356~-39~2~3, RippleSpawnEgg><312.2758><382.7418><, RippleEggFilter><322.1625><408.687><0~100~0~0~0.3093302, 
AmbientSounds: OMNI><SO_NAT-WindTunnel.ogg><119.4493><10.76627><0.1086956><1, OMNI><SO_SFX-Drowning.ogg><326.3><23.4986><0.2065217><1, OMNI><RWTW_AR_DripWorks.ogg><562.9462><74.21136><0.1304348><1, SPOT><SO_WAT-Splashes.ogg><731.5338><397.5775><0.4463209><1><527.2992><270.8836><-35.35534><-35.35534><0><0.1, 
FadePalette: 33, 0.9586956
