Clouds: 0.05434782
Grime: 0
Palette: 80
EffectColorA: 10
Effects: Fog-1-20-20, 
PlacedObjects: CustomDecal><219.7256><-20.69852><-146~623~963~660~960~-19~-625~-310~0~1~0~GreyBones~0.05434782~1~0.05434782~1~0.05434782~1~0.05434782~1, CustomDecal><220.9473><-23.46735><-165~651~991~631~995~-104~-587~-305~0~1~0~BlueSmoker~0.1086956~1~0.1086956~1~0.1086956~1~0.1086956~1, CustomDecal><1133.077><-41.14996><34~723~728~423~799~60~-531~-291~0~1~0~GreyBones~0.05434782~1~0.05434782~1~0.05434782~1~0.05434782~1, CustomDecal><1132.444><-46.20004><43~719~711~428~809~34~-493~-285~0~1~0~BlueSmoker~0.1086956~1~0.1086956~1~0.1086956~1~0.1086956~1, CustomDecal><265.1472><138.8285><-35~140~101~189~143~50~-449~-44~0~1~0~BubbleWeed~0.1521739~0~1~0~0~0~1~0, CustomDecal><1084.338><524.3827><51~-174~202~-143~164~22~-210~-517~0~0.1086956~0~cyansperm~0.4021739~1~0.4021739~1~0.4021739~1~0.4021739~1, CustomDecal><1440.516><242.3006><-8~114~105~124~107~1~-757~-575~0~1~0~GhostSplash~0~1~1~1~0~1~1~1, WaterNut><1567.102><430.8658><341~-384~2~3, WaterNut><1652.051><327.0217><261~-362~1~2, LightSource><669.9026><248.3708><0.1086957~Environment~9~227~122.9999~-431.3975~1~0~None~0~0, LightSource><1285.773><330.4486><0.2065217~Environment~98~265~25~-491.3975~1~0~None~0~0, NoSpearStickZone><210.3073><404.5534><0~100, LightSource><1517.87><-18.91016><0.3043478~EffectColor1~-186~335~50~86.60254~0~0~None~0~0, LightSource><1234.939><105.3152><0.3043478~EffectColor1~98~58~310~54.60254~0~0~None~0~0, LightSource><490.5546><411.2076><0.1521739~EffectColor1~196~-321~50~86.60254~0~0~None~0~0, LightSource><997.9125><442.3201><0.1521739~EffectColor1~19~296~-239~44.60251~0~0~None~0~0, ReliableSpear><252.0581><489.4437><, FlareBomb><863.903><101.8253><-315~-74.99998~1~3,   
AmbientSounds: OMNI><SO_NAT-WindTunnel.ogg><112.915><15.86298><0.1521739><1, SPOT><SO_IND-MechHum01.ogg><731.9108><158.3811><0.3586957><1><1257.911><480.3811><-38.35535><-35.35535><0><0.1, SPOT><SO_IND-MechHum02.ogg><765.4365><564.4396><0.4021739><1.254348><493.4365><325.4396><-27.35535><-27.35535><0><0.1, OMNI><RWTW_AR_DripWorks.ogg><323.6852><15.56079><0.1413043><1, SPOT><RWTW_AR_Heater.ogg><104.7388><293.7297><0.1304348><0.6086956><1574.2><389.4917><-35.35534><-35.35534><0><0.1434784, SPOT><SO_WAT-Splashes.ogg><781.561><399.4993><0.4530308><1><440.9937><120.1538><-55.72638><-92.7647><0><0.1, SPOT><SO_WAT-Splashes.ogg><857.4695><265.9764><0.3859333><1><1271.604><113.0961><-35.35534><-35.35534><0><0.1, 
FadePalette: 33, 0.9673913, 0.9673913
