Template: NONE
Clouds: 0.1630435
Grime: 0.1725928
BkgDroneVolume: 0
BkgDroneNoThreatVolume: 0
Palette: 61
EffectColorA: 5
EffectColorB: 2
PlacedObjects: CustomDecal><23.83349><-34.72601><-143.6055~910.6801~838.8403~829.32~668.2707~-214.56~789.7286~252.48~0~1~0.2717393~rf_bluesquare~0~0.605316~0~0.605316~0~0.605316~0~0.605316, CustomDecal><1763.056><403.0377><40.80664~100~149.4578~76.96002~119.6929~-7.200012~-412.8672~-100.8~0.3287493~0.4051208~0~junkgraffiti4~0.5~0~0.5~0~0.5~0~0.5~0, 
AmbientSounds: SPOT><RWTW_DustStorm_Gusting.ogg><285.132><342.3691><0.242026><1.287457><842.9393><334.6733><-210.532><-219.6156><0><0.4562487, SPOT><AM_ENV-Outside.ogg><775.4069><185.41><0.4385774><1><1850.246><420.6263><-121.2484><-264.8327><0><0.2842672, SPOT><AM_ENV-NatWind.ogg><779.6164><306.7613><0.229741><1.22112><1811.509><409.7172><26.80408><-264.8328><0><0.3825438, SPOT><SO_WAT-LilDrips.ogg><813.8912><66.70992><0.3525862><1><1895.512><286.1002><-185.6682><-163.094><0><0.1, 
FadePalette: 12, 0.1630435, 0.06521739
RoomSpecificScriptActive: ON
