Template: NONE
Clouds: 0.4021739
Grime: 0
Palette: 81
EffectColorA: 9
EffectColorB: 10
Effects: Salt Flakes-1-20-20, Fog-1-305-17,  DarkenLights-0.5014738-35.12619-89.8054, 
PlacedObjects: CustomDecal><-199.1429><-65.36008><2~758~1356~770~1004~0~-217~362~0~1~0~GreyBones~0.25~1~0.25~1~0.25~1~0.25~1, LightSource><651.162><422.8504><0.3043478~Environment~857~167~-437~141.6025~0~0~None~0~0, LightSource><551.0522><701.5295><0.4021739~White~-1326~-744~-413~-98.39746~0~1~None~0~0, LocalBlizzard><635.8176><707.3276><-548~-766~140.0317~-302.3975~0.2065217~1~0.5,  WindRect><271.9124><198.4298><-272~120~886~152~782~-243~0.4130435~Creatures, WindRect><91.82095><278.3391><3~65~1060~180~1070~-311~0.6956521~Creatures, 
AmbientSounds: OMNI><AM_ENV-CityTone.ogg><569.0738><30.90552><0.1521739><1, OMNI><AM_WIN_Hilltop.ogg><373.6877><31.68109><0.25><1.9, OMNI><AM_WIN-StrongWnd2.ogg><168.7215><32.698><0.1521739><1, SPOT><AM_WIN-HowlingWnd.ogg><-9.31604><479.939><0.4347826><1.9><943.6843><359.939><-255.3553><-317.3553><0><0.110869, SPOT><AM_WIN-StrongWnd2.ogg><-5.12262><356.0958><0.5><1><658.8774><145.0958><77.64465><-14.35535><0><0.1, SPOT><AM_WIN-StrongWnd2.ogg><4.37323><126.4047><0.3043478><1><386.3732><245.4047><40.64465><-8.355347><0><0.1, SPOT><AM_WIN-StrongWnd2.ogg><3.305481><240.2034><0.3043478><1><517.3055><203.2034><40.64465><-13.35535><0><0.1, SPOT><AM_WIN-HowlingWnd.ogg><759.3975><546.4217><0.2826087><1.9><528.3975><486.4217><298.6447><-79.35535><0><0.1, 
FadePalette: 32, 0.6063372
