Template: NONE
RainIntensity: 1
RumbleIntensity: 1
WaveSpeed: 0.7630849
WaveLength: 0.8684576
WaveAmplitude: 0.001062134
SecondWaveLength: 0.1666667
SecondWaveAmplitude: 0
Clouds: 0.4021739
Grime: 0
Palette: 80
EffectColorA: 9
EffectColorB: 10
Effects: Salt Flakes-1-20-20, Fog-1-287-17,  DarkenLights-0.5014738-35.12619-89.8054, 
PlacedObjects: LightSource><472.2561><359.6999><0.2240402~Environment~604~-342~363.9999~-396.3975~0~0~None~0~0, LightBeam><279.8962><299.6136><2~-73~-126~-71~-125~-1~-437~214~0.8021738~0~1~0~None~0~0, LightSource><750.0164><347.0507><0.3043478~White~-1358~59~-869~-29.39749~0~1~None~0~0, CustomDecal><-66.59412><-51.17648><143~762~855~769~643~-3~209~-271~0~1~0~GreyBones~0.2065217~1~0.2065217~1~0.2065217~1~0.2065217~1, DangleFruit><574.3856><510.397><351~-559~5~6, DangleFruit><520.923><423.8997><404.0001~-379~3~6, LightBeam><153.5504><227.5125><0~70~131~71~126~1~-38~288~0.8021738~1~0.5805099~0~None~0~0, CustomDecal><448.8017><79.52663><-9~93~103~91~98~11~44~-588~0~1~0~WindWarning~1~0.2065217~1~0.2065217~1~0.2065217~1~0.2065217, DandelionPatch><223.4124><21.92982><57~44, LocalBlizzard><690.1946><376.7961><-890~-365~-542~-12.39746~0.05434782~1~0.5,  WindRect><282.3677><201.35><80~329~311~390~259~-61~0.1521739~Creatures, WindRect><-187.0092><-53.30022><-13~788~1351~769~1346~-6~0.06521738~Visuals,   
AmbientSounds: OMNI><AM_ENV-CityTone.ogg><124.4176><46.43225><0.1521739><1, OMNI><AM_WIN_Hilltop.ogg><321.0815><39.64227><0.25><1.9, OMNI><AM_WIN-StrongWnd2.ogg><503.699><40.73032><0.1521739><1, SPOT><AM_WIN-HowlingWnd.ogg><20.15295><482.9247><0.3586957><1.9><733.1525><336.9247><259.6447><-190.3553><0><0.1217391, SPOT><AM_WIN-StrongWnd2.ogg><17.27185><338.6988><0.5><1><562.2719><197.6988><60.64465><-19.35535><0><0.2304347, 
FadePalette: 32, 0.6002871
