Template: NONE
Clouds: 0.8586956
Grime: 0
RandomItemSpearChance: 0.1021738
Palette: 81
EffectColorA: 10
EffectColorB: 9
Effects: Fog-1-20-20, Wasp-1-291-23, DarkenLights-0.5014738-35.12619-89.8054, 
PlacedObjects: CustomDecal><1149.607><175.3902><196~349~590~213~627~-70~-1505~-485~0~1~0~xColdStorageLogo~0.2065217~1~0.2065217~1~0.2065217~1~0.2065217~1, CustomDecal><131.551><271.2703><-15~418~1473~464~1062~-104~-529~-587~0~1~0~xColdStorageLogo~0.2065217~1~0.2065217~1~0.2065217~1~0.2065217~1, CustomDecal><624.7627><270.8004><-7~78~84~92~89~2~-945~-586~0~0.04347826~0~UglyPup~0.5~1~0.5~1~0.5~1~0.5~1, CustomDecal><796.9441><287.0483><-7~92~245~133~258~8~-1074~-603~0.3152174~0.3478261~0~CrudeGrey~0.5~1~0.5~1~0.5~1~0.5~1, ReliableSpear><1092.443><327.947><, ReliableSpear><1684.087><366.884><, SpotLight><1332.117><261.9125><-233~267~144~302~198~1, CustomDecal><504.7056><293.445><-2~122~239~105~292~8~-743~-615~0.1521739~0.3478261~0~WhiteTag10~0.5434783~0.25~0.5434783~0.25~0.5434783~0.25~0.5434783~0.25, CustomDecal><992.4462><539.0574><5~133~184~103~194~8~-1190~-857~0.326087~1~0~WhiteTag14(UglyTag)~0.3043478~0.2065217~0.3043478~0.2065217~0.3043478~0.2065217~0.3043478~0.2065217, DangleFruit><1014.245><595.2><248~3~2~3, DangleFruit><1391.116><498.851><0~0~2~3, WallMycelia><314.3914><569.8586><2~25,   
AmbientSounds: OMNI><SO_IND-HVAC.ogg><312.3191><9.585312><0.2065217><1, OMNI><SO_IND-WeirdVent.ogg><117.9628><9.553497><0.2065217><1, SPOT><SO_IND-Generator.ogg><503.0867><14.63455><0.2931963><1><663.0867><311.6346><-30.35535><-32.35535><0><0.1, SPOT><SO_IND-FactoryM.ogg><216.3238><440.8446><0.2065217><1><1154.324><173.8446><-0.3553467><-150.3553><0><0.04565231, SPOT><SO_IND-Boiler.ogg><838.5521><399.279><0.3025533><1.058696><1583.552><271.279><-35.35534><-35.35534><0><0.1, SPOT><RWTW_AR_Heater.ogg><711.5384><502.1963><0.2032146><0.7847826><570.5384><307.1963><-24.35535><-28.35535><0><0.06739144, 
FadePalette: 32, 0.8043478, 0.8043478
