Template: NONE
RainIntensity: 1
RumbleIntensity: 1
Clouds: 0.8586956
Grime: 0
Palette: 80
EffectColorA: 10
EffectColorB: 12
Effects: Fog-1-20-20, Wasp-1-291-21, DarkenLights-0.5014738-35.12619-89.8054, 
PlacedObjects: Mushroom><458.2803><85.80231><-883.0001~378~3~6, Mushroom><427.4344><74.07721><-853.0001~469~4~5, CustomDecal><-183.4404><159.3113><0~471~1333~345~756~-189~-256~-497~0~1~0~xColdStorageLogo~0.1521739~1~0.1521739~1~0.1521739~1~0.1521739~1, CustomDecal><611.7346><313.3955><8.6698~143.0967~145.6805~137.1521~150.2241~2.29129~-616.6049~-610.8255~0.3281257~1~0~xcoldstoragelogo~0.6966394~0~0.6966394~0~0.6966394~0~0.6966394~0, CustomDecal><505.8448><273.8088><1~180~409~179~409~0~295.0304~-342.73~0.1341659~0.2385015~0~DataPanel~1~0~1~0~1~0~1~0, Mushroom><630.2157><260.697><-1070~-48~3~6, Mushroom><318.1781><165.341><-755~125~2~3, Mushroom><347.4417><112.9429><-789~-4~2~3, CellDistortion><315.0752><381.1853><132~189~98~-514.3975~0.0326087~0.5~0~1, LightSource><342.9136><358.4026><0.3066048~EffectColor1~-248~123~298.3312~138.3466~0~0~Fade~0.9008033~0, AdjustableFan><292.6779><408.5859><5~8.660254~0~0.4~0.1585494~0, LightSource><535.0457><238.5019><0.4056609~EffectColor2~326.9362~126.77~313.7134~129.3208~0~0~Fade~0.8234081~0, 
AmbientSounds: OMNI><SO_IND-HVAC.ogg><124.5648><11.18921><0.2065217><1, OMNI><SO_IND-WeirdVent.ogg><349.3><7.994934><0.2065217><1, SPOT><AM_WIN_Hilltop.ogg><748.1852><459.4392><0.2065217><1><1002.185><346.4392><-109.3553><-149.3553><0><0.1000001, SPOT><SO_SFX-DataTrans.ogg><46.70001><224.0013><0.3043477><1><323.7><436.0013><-149.3553><-95.35535><0><0.1869565, SPOT><RWTW_AR_WindyCliff.ogg><593.6092><247.9175><0.3586957><0.3543478><290.6092><408.9175><-17.35535><-15.35535><0><0.1869567, 
FadePalette: 32, 0.8043478
