Template: NONE
Clouds: 0.8586956
Grime: 0
Palette: 80
EffectColorA: 10
EffectColorB: 16
Effects: Fog-1-20-20, Contrast-0.0326087-308-30, DarkenLights-0.5014738-35.12619-89.8054, 
PlacedObjects: LightBeam><290.4486><169.0935><-69~121~-32~136~36~15~614.4823~-297.7866~1~0~0~0~None~0~0, LightBeam><261.1818><529.312><166~4~172~-37~0~-38~408.0958~-639.5472~1~0~0~0~None~0~0, CustomDecal><98.06763><83.91782><17~553~810~540~610~-4~-519~-428~0~1~0~xColdStorageLogo~0.1521739~1~0.1521739~1~0.1521739~1~0.1521739~1, CustomDecal><371.5665><285.4203><1~80~84~81~83~4~-756~-626~0.3043478~0.3586957~0~xColdStorageLogo~0.4021739~0.4021739~0.5~0~1~0~0.5~0, Corruption><747.2774><326.0519><1~56, Corruption><528.2267><255.0514><6~70, Corruption><541.4119><568.1796><5~90, Corruption><200.9827><552.9492><-267~79, CorruptionTube><776.1996><482.7635><-283~87, Corruption><743.4249><503.347><9~37, CustomDecal><632.5557><445.8079><0~70~178~104~191~-90~-787~-833~0.326087~0.4130435~0~BoneType~0.3043478~0~0.3043478~0~0.3043478~1~0.3043478~1, CustomDecal><278.9753><182.4871><-46.41391~88.45636~-13.04126~112.6827~41.89392~21.49176~-243.2814~-476.8171~0.3095517~0.341635~0~SleepingDragon~0.8045906~0~0.8045906~0~0.8045906~0~0.8045906~0, WallMycelia><522.4247><459.9027><6~69, WallMycelia><392.428><208.0913><3~68, WallMycelia><613.0695><95.93753><0~100, 
AmbientSounds: OMNI><SO_IND-HVAC.ogg><161.9051><24.1263><0.1521739><1, OMNI><SO_IND-WeirdVent.ogg><355.4083><24.62219><0.1521739><1, OMNI><SO_SFX-LakeBottom.ogg><554.3533><23.63593><0.3043478><1, OMNI><SO_SFX-GlassGhost.ogg><751.4581><18.80444><0.1086956><1.9, 
FadePalette: 454, 0.8043478
