Template: NONE
Clouds: 0.8586956
Grime: 0
RandomItemDensity: 0
RandomItemSpearChance: 0
Palette: 81
EffectColorA: 10
EffectColorB: 12
Effects: Fog-1-20-20, Wasp-1-297-16, DarkenLights-0.5014738-35.12619-89.8054, 
PlacedObjects: CustomDecal><270.0448><209.7602><1~52~55~52~62~3~-515~-664~0~0.09782609~0~WhiteFace3~0.5~0.3043478~0.5~0.3043478~0.5~0.3043478~0.5~0.3043478, CustomDecal><364.3644><286.6266><-130~39~61~-203~48~150~-835~-774~0.1413043~1~0~ScavMark Ghost~0.3586957~1~0.3586957~0~0.3586957~0~0.3586957~0, CustomDecal><73.30957><344.0612><528~374~878~-14~153~-391~-452~-685~0~1~0~xColdStorageLogo~0.1521739~1~0.1521739~1~0.1521739~1~0.1521739~1, CustomDecal><531.1282><220.8862><-1~268~300~268~282~-7~-789~-641.8632~0.3152174~1~0~DataPanel3~1~0~1~0~1~0~1~0, LightSource><688.7049><374.6042><0.3018872~EffectColor1~284~-104~213.0001~46.60254~0~0~Fade~0.9069943~0, LightSource><619.9204><375.697><0.3237285~EffectColor2~-296~-35~-518~176.6025~0~0~Fade~0.8278815~0, LightBeam><694.189><260.1904><-2~45~106~45~107~0~-257~-417~0.01956508~0~0~0~Fade~1~0, CellDistortion><690.7148><366.5031><-48.05542~159.8126~95~191.6025~0.024905~0.5~0~1, CustomDecal><246.9677><391.6537><2~125~129~127~132~-1~-519~-693~0~0~0~xcoldstoragelogo~0.5652174~0~0.5652174~0~0.5652174~0~0.5652174~0, 
AmbientSounds: OMNI><SO_IND-HVAC.ogg><155.6901><3.812332><0.2065217><1, OMNI><SO_IND-WeirdVent.ogg><356.174><5.598633><0.2065217><1, SPOT><AM_WIN_Hilltop.ogg><1127.811><78.18604><0.1521739><1><899.8105><328.186><-35.35534><-35.35534><0><0.1, SPOT><AM_WIN_Hilltop.ogg><746.8293><31.14575><0.1521739><1><408.8293><81.14575><-35.35534><-35.35534><0><0.1, SPOT><AM_WIN_Hilltop.ogg><23.69794><171.2788><0.1521739><1.9><28.69794><322.2788><-39.35535><-70.35535><0><0.1217391, SPOT><SO_IND-MechHum01.ogg><6.809814><294.4381><0.2826087><1.9><203.8098><349.4381><-30.35535><-30.35535><0><0.1, SPOT><SO_SFX-DataTrans.ogg><565.5767><434.6501><0.3043478><1><682.5767><383.6501><-124.3553><-92.35535><0><0.154348, 
FadePalette: 32, 0.8043478
