Template: NONE
Clouds: 0
Grime: 0
Palette: 3
EffectColorA: 10
EffectColorB: 13
PlacedObjects: NoSpearStickZone><478.1835><239.8296><-235~155, LightSource><176.3513><242.3837><0.01086957~EffectColor1~0~-374~-314~247.6025~0~0, LightSource><639.4233><244.8498><0.01086957~EffectColor2~-236~-490~-95.99994~-288.3975~0~0, LightSource><481.849><-45.82623><0.6086956~White~-5~399~347~69.60254~0~0, LightSource><482.8021><-32.7793><0.1086956~EffectColor1~-1~619~345~-19.39746~1~0, CustomDecal><38.78387><151.1971><28~200~368~324~345~-170~-451~-492~0~1~0~GreyBones~0.1521739~1~0.1521739~1~0.1521739~1~0.1521739~1, LightSource><692.1285><240.9033><0.1521739~White~-621~84~135.9999~-150.3975~0~0, CustomDecal><629.4512><109.9439><-2~292~291~290~321~9~270~172~0.2934783~0.5326087~0~BigOrangeFaceA~0.25~1~0.25~1~0.25~1~0.25~1, 
AmbientSounds: SPOT><AM_IND-DeepHum.ogg><191.179><32.06305><0.3043482><1><478.179><-18.93695><-195.3553><59.64465><0><0.3608697, SPOT><AM_IND-ElectricHum01.ogg><818.78><297.4477><0.1847826><1><809.78><271.4477><-35.35534><-35.35534><0><0.2739132, SPOT><AM_ENV-LightWind.ogg><772.4494><516.2347><0.3152174><1><356.4494><23.23474><-58.35535><-51.35534><0><0.1, SPOT><AM_WIN_Hilltop.ogg><37.93274><452.3116><0.2065217><1.9><-31.06726><233.3116><-83.35535><-66.35535><0><0.1, 
FadePalette: 33, 0.8043478
