Template: NONE
Clouds: 0.05434782
Grime: 0
RandomItemDensity: 0
RandomItemSpearChance: 0
Palette: 81
EffectColorA: 10
EffectColorB: 16
Effects: Fog-1-8-15, BrokenZeroG-0.2065217-270-20,
PlacedObjects: LightSource><1046.155><323.6574><0.03439729~EffectColor2~-2367~774~897~-358.3975~0~1~None~0~0, ARZapperOmni><376.3791><89.48079><67~5, ARZapperOmni><536.0402><125.8961><68.80762~5.054916, LightSource><1575.662><533.2006><1~EffectColor1~0~100~-349.6709~-659.7946~0~0~None~0~0, LightSource><491.7233><190.9625><1~EffectColor1~1~54~176~-227.3975~0~0~None~0~0, LightSource><333.9214><189.215><1~EffectColor1~0~50~590~-226.3975~0~0~None~0~0, CustomDecal><1111.04><125.304><-7~390~761~461~689~8~-1482.989~-458.9889~0~1~0~GhostSplash~0.2065005~1~0.2065005~1~0.2065005~1~0.2065005~1, CustomDecal><105.1543><96.61944><-8~486~1030~447~1037~2~-503.9562~-428.9818~0~1~0~GhostSplash~0.2065217~1~0.2065217~1~0.2065217~1~0.2065217~1, CustomDecal><268.5582><227.9413><-1~37~116~49~124~0~-608~-559.9999~0~1~0~BigScaryBlueFace~1~0~1~0~1~0~1~0, CustomDecal><559.6547><219.3766><-1~44~-131~51~-131~9~-863.9698~-552.0546~0~1~0~BigScaryBlueFace~0.8042642~0~0.8042642~0~0.8042642~1~0.8042642~1, LightBeam><1281.065><219.918><0~-29~570~-29~572~0~356.9821~-273.9937~0.6541218~0~1~0~None~0~0, LightBeam><488.5317><141.0466><-1~-32~186~-28~183~-2~706~-279~0.6500629~0~1~0~None~0~0, LightBeam><712.4831><180.0217><0~-32~808~-27~810~1~-505.3471~-319.0138~0.6496449~0~1~0~None~0~0, LightBeam><305.0545><102.7852><-1~-26~194~-27~191~-2~-477.0157~380.9832~0.6500234~0~1~0~None~0~0, LightSource><1122.389><461.3275><0.03177344~EffectColor2~2367~746~802~-429.3975~1~0~None~0~0, LightFixture><329.0458><249.9836><DeepProcessing~-275.6795~170~10, LightFixture><497.1008><249.4228><DeepProcessing~-401.5912~76.80002~10, SSLightRod><628.5131><123.317><69.07916~261.2~0.2087979~270~119.6718~0.5, SSLightRod><1786.417><202.941><110.1997~113.3931~0.2088006~270~419.4121~0.5, SSLightRod><1206.678><163.3324><-82.46155~-260.08~0.2005841~270~507.5706~0.5, SSLightRod><455.0162><82.51161><125.1064~-25.35999~0.2145978~270~110.5114~0.5, SSLightRod><1623.514><399.1633><-410.6217~-187.6~0.2087973~270~106.4475~0.5, SSLightRod><1531.281><300.664><251.4248~-138.6506~0.2203966~90~80~0.5, SSLightRod><1522.989><399.3276><-344.4561~-3.759979~0.2203973~180~46.54255~0.5, SSLightRod><1620.525><303.1262><190.7385~177.68~0.2319973~0~97.63147~0.5, PlacedFireSprite><1572.341><346.6781><, PlacedBoxWorm><896.0615><314.8097><, ARZapperOmni><438.5647><272.866><118.3373~-0.5491028, ARZapperOmni><264.2831><272.5763><119.9525~3.505798, ARZapperVertical><792.9331><169.7887><400.1901~14.04857, ARZapperVertical><1371.297><207.8971><400.1899~14.04855, 
AmbientSounds: OMNI><SO_SFX-Kepler.ogg><332.5568><42.44846><0.1086956><1, OMNI><AM_SUB-BlankState.ogg><130.5607><43.68546><0.3043478><1, SPOT><SO_IND-Deep50hz.ogg><178.5295><505.0522><0.4021739><1><490.7054><235.0819><-35.35534><-35.35534><0><0.04565231, SPOT><SO_IND-Deep50hz.ogg><4.300476><507.2361><0.4021739><1><330.3886><242.2099><-35.35534><-35.35534><0><0.04565214, SPOT><AM_IND-Shock02.ogg><182.9346><391.439><0.3043478><1><585.825><108.5449><-35.35534><-35.35534><0><0.1, SPOT><AM_IND-Shock02.ogg><4.888977><394.4164><0.3043478><1><408.9086><87.41891><-35.35534><-35.35534><0><0.1, SPOT><AM_IND-Shock01.ogg><534.7682><400.8008><0.3043478><1><1147.768><157.8008><-35.35534><-35.35534><0><0.0673911, SPOT><AM_IND-Shock01.ogg><362.7603><395.1997><0.3043478><1><858.7603><139.1997><-35.35534><-35.35534><0><0.06739144, SPOT><AM_IND-Shock02.ogg><922.2903><404.4459><0.3043478><1><1661.229><-8.489243><53.64465><-248.3553><0><0.04565231, SPOT><AM_IND-Shock02.ogg><717.43><404.1628><0.3043478><1><1475.446><-7.687016><18.64465><-253.3553><0><0.04565231, 
FadePalette: 33, 0.6086956, 0.6086956
