Template: NONE
RainIntensity: 1
RumbleIntensity: 1
Clouds: 0.2065217
Grime: 0
Palette: 81
EffectColorA: 18
EffectColorB: 13
Effects: Fog-0.5-20-20, Flies-0.2934783-279-19, FairyParticles-0.1086956-31-80, DarkenLights-0.3086524-289.8853-79.38438, 
PlacedObjects: DeadSeedCob><448.4311><271.6877><, DeadSeedCob><370.5388><318.3038><, CustomDecal><111.9014><149.3808><-11~568~787~517~874~-18~-526~-492~0~1~0~GreyBones~0~1~0.4347823~1~0~1~0.1521736~1, InsectGroup><401.9478><282.7794><-21~97~-834~364~StandardFly~0.326087, LightSource><859.3517><246.9222><0.05434782~EffectColor1~1368~-753~176~-379.3975~0~1~None~0~0, CustomDecal><430.0424><213.5545><-11~167~385~145~389~-11~-654~-554~0.326087~1~0~Big Letters~0.5~0.1521739~0.5~0.1521739~0.5~0.1521739~0.5~0.1521739, CustomDecal><-12.48608><120.9495><-9~698~942~713~982~10~-64~-465~0~1~0~DirtyWaterLine~0~1~0.3043478~1~0.3043478~1~0~1, LightSource><491.4395><419.4406><1~EffectColor1~16~40~-924~154.6025~0~0~None~0~0, LightSource><131.4479><434.0286><0.08695652~Environment~18~231~-339~7.602509~0~0~None~0~0, CustomDecal><70.13208><240.9001><-41~85~106~114~144~22~-936.0001~-677~0.1956522~1~0~Mush~1~0~1~0~1~0~1~0, CustomDecal><263.4633><240.4103><-16.13828~72.76004~-97.39529~59.24002~-84.79062~-12.67996~-597~-584~0.2862177~0.6304348~0~Mush~1~0.1086956~1~0.1086956~1~0.1086956~1~0.1086956, CustomDecal><681.4128><388.68><-14~132~135~128~156~16~-666~-751~0~0.5217391~0~xHeatDuctsLogo~1~0.05434782~0~0.05434782~1~0.05434782~0~0.05434782, LightSource><165.5606><219.6826><1~EffectColor1~-103.5172~-102.56~-406.7562~-120.7574~0~0~None~0~0, FairyParticleSettings><-30.3233><71.81392><11~-389.3397~1~0~1.630435~1~1~5.173913~152.1739~500~65.21739~750~0~0~168.2609~191.7391~0~0~0~0.6630435~0.1086956~0~0.6413044~0.4021739~5.617392~Star_Thick~LINEAR~EXP~0~0~0, SteamPipe><835.6985><528.025><-31~0, HarmfulSteam><724.309><572.1483><5~8.660254~0.348585~0.6981135~0.4485845~-0.5696411~-243.4539, CustomEntranceSymbol><78.52258><452.1987><-67.6795~44~Shortcutcannon_Symbol_3~0.25, Warp Destination><51.55078><450.2675><0~0~Down, PlayerPushback><89.62756><450.542><40~0, 
AmbientSounds: OMNI><AM_ENV-SubTerr.ogg><137.5312><41.94757><0.2065217><1, OMNI><SO_NAT-Fire.ogg><-1000><-1000><0.1086956><1, OMNI><SO_SFX-Morse.ogg><335.0753><43.65274><0.04347826><1.9, SPOT><SO_IND-Boiler.ogg><777.6997><573.0106><0.1847826><1><642.6997><702.0106><-48.35535><-141.3553><0><0.2086958, SPOT><AM_IND-Fabrik01.ogg><708.9012><45.57608><0.4021733><0.3543477><1141.901><254.5761><-197.3553><0.6446533><0><1, SPOT><SO_IND-HeatDuct.ogg><745.1132><205.6041><0.1521739><1><1141.113><254.6041><-179.3553><-77.35535><0><1, SPOT><RWTW_AR_Heater.ogg><737.7108><429.4461><0.1630435><0.6086956><298.11><262.8461><-43.89285><-40.63535><0><0.1217393, 
Triggers: Spot<tA>event<tB>MusicEvent<eA>songName<eB>BM_RWTW_VIOLETABYSS<eA>vol<eB>0.2891302<eA>prio<eB>0.5<eA>mxThrt<eB>1<eA>loop<eB>1<eA>droneTol<eB>0<eA>rooms<eB>0<eA>rest<eB>0<eA>fadeIn<eB>32.6087<eA>oneSongPerCycle<eB>1<eA>stopAtDeath<eB>1<eA>stopAtGate<eB>0<tA>multiUse<tB>1<tA>toCycle<tB>-1<tA>fromCycle<tB>0<tA>delay<tB>0<tA>panPos<tB>1035.837<tB>479.9301<tA>fireChance<tB>1<tA>entrance<tB>0<tA>karma<tB>0<tA>slugcats<tB><tA>pos<tB>630.837<tB>348.9301<tA>handlePos<tB>-0.3553467<tB>-345.3553, 
FadePalette: 83, 0.8043478
