Template: NONE
Clouds: 0
Grime: 0
Palette: 81
EffectColorA: 16
EffectColorB: 18
Effects: Fog-1-20-20, BrokenZeroG-0.2043042-30-74.99644,
PlacedObjects: CustomDecal><363.1958><94.98517><-50.12262~440.981~387.4409~447.8159~503.6344~157.7724~-219.8561~-399.2723~0~1~0~ghostsplash~0.3095517~1~0.3095517~1~0.3095517~1~0.3095517~1, CustomDecal><102.3232><196.2339><20.50471~342.4445~513.8867~385.1627~502.4951~-114.4846~-180.5554~-496.1001~0~1~0~dirtywaterline~0.501474~1~0.501474~1~0.501474~1~0.501474~1, LightSource><489.1912><342.4099><1~EffectColor2~9.11322~203.0931~-654.5646~139.0034~0~0~Fade~0.9658017~0, LightSource><936.4917><325.215><0.04658044~EffectColor1~-925.5599~13.42459~76.7699~-425.4457~0~1~None~0~0, LightSource><17.70335><319.5737><0.07134479~EffectColor2~943.7863~-4.801849~884.997~-430.0023~0~1~None~0~0, LightSource><488.2509><343.4869><1~EffectColor2~70.62732~186.5754~-678.4868~18.25348~0~0~Fade~0.9224644~0, CellDistortion><480.0999><331.7816><-53.54016~39.62503~376.3665~237.54~0.01562366~0~0~1, LightSource><488.1417><341.2264><1~EffectColor2~0~100~105.8184~-433.4197~0~0~None~0~0, CellDistortion><499.237><352.6165><27.90918~55.57315~-93.53302~-405.5105~0.02800718~0~0~1, 
AmbientSounds: OMNI><AM_IND-Fabrik01.ogg><246.4078><40.4029><0.5><0.3536564, OMNI><SO_IND-HeatDuct.ogg><250.5376><120.7122><0.2090215><1, SPOT><SO_SFX-Kepler.ogg><816.4301><61.35458><0.08520044><1><838.4123><313.5077><-218.189><-214.202><0><0.1, SPOT><RWTW_AR_Thump.ogg><612.5585><47.94403><0.5557198><1><492.7163><347.9416><-151.5487><-101.9957><0><0.1247645, 
FadePalette: 83, 0.7057781
