Template: NONE
CeilingDrips: 0.1086956
Clouds: 0.1086956
Grime: 0
Palette: 81
EffectColorA: 18
EffectColorB: 18
Effects: Fog-1-274-21, Flies-0.1847826-20-20, FairyParticles-0.1521739-18-79, 
PlacedObjects: LightSource><848.1813><56.56219><0.4021739~EffectColor2~2~36~43~-42.39746~0~0~None~0~0, LightSource><859.963><314.1965><0.1304348~White~27~165~37~-238.3975~1~0~None~0~0, LightSource><474.1152><162.8365><0.09782609~EffectColor2~-1376~762~414~-212.3975~0~1~None~0~0, LightSource><35.94586><355.7094><1~EffectColor2~56~11~-456~218.6025~0~0~None~0~0, CustomDecal><-198.699><-54.22995><-8~763~1356~770~1345~3~-112~-287~0~1~0~DirtyWaterLine~0.3043478~1~0.3043478~1~0.3043478~1~0.3043478~1, CustomDecal><-197.5513><-49.44333><58~741~1359~758~1357~0~-145~-288~0~1~0~GreyBones~0.05434782~1~0.07608695~1~0.08695652~1~0.1521739~1, LightSource><470.8221><167.1865><0.1086956~Environment~707~-541~160~-213.3975~0~0~None~0~0, CustomDecal><531.9077><569.623><-3~83~161~79~170~12~-905.9999~-907~0~1~0~MonkeyFace~0.1847826~1~0.1847826~1~0.1847826~1~0.1847826~1, CustomDecal><-84.66077><376.869><69~85~208~225~268~-1~-322~-715~0~1~0~VerticalBlackTag~0.3043478~0.05434782~0.3043478~0.05434782~0.3043478~0.05434782~0.3043478~0.05434782, ReliableSpear><312.9789><135.9489><, ReliableSpear><296.05><33.00494><, NeedleEgg><615.3519><487.1155><-161~-295~1~7, FairyParticleSettings><148.25><155.55><-486.3746~-505.5547~1~0~1.630435~1~1~5.173913~152.1739~500~65.21739~750~0~0~168.2609~191.7391~0~0~0~0.6630435~0.1086956~0~0.6413044~0.4021739~5.617392~Star_Thick~LINEAR~EXP~0~0~0, PlacedFireSprite><491.868><359.3497><,    
AmbientSounds: OMNI><AM_IND-Fabrik01.ogg><196.831><25.81714><0.5><0.3543478, OMNI><Deep Weird Wind.wav><407.8799><32.90207><0.05434782><1.9, OMNI><SO_IND-HeatDuct.ogg><625.153><29.07512><0.1847826><1, SPOT><SO_IND-MechHum01.ogg><759.569><162.0623><0.25><1><308.569><57.06227><-35.35534><-35.35534><0><0.1, SPOT><RWTW_AR_SqueakyMachine.ogg><514.9282><251.0907><0.4130435><1><313.9282><577.0907><31.64465><-95.35535><0><0.2086958, SPOT><RWTW_AR_Heater.ogg><728.9177><470.6089><0.08695652><1><848.9177><59.60889><-40.35535><-36.35534><0><0.1, OMNI><RWTW_AR_SteamRelease.ogg><145.4078><120.6271><0.1521739><1, 
FadePalette: 83, 0.8043478
