Template: NONE
CeilingDrips: 0.1086956
Clouds: 0.1086956
Grime: 0
Palette: 81
EffectColorA: 13
EffectColorB: 18
Effects: FairyParticles-0.05434782-20-20, Fog-1-286-1, 
PlacedObjects: LightSource><778.8478><321.6203><0.1086956~EffectColor2~-292~-31~50~86.60254~0~0~None~0~0, LightSource><-199.3105><292.1859><0.07608695~EffectColor2~1352~764~63~213.6025~0~1~None~0~0, CustomDecal><-197.4302><-52.83685><194~695~1184~712~1188~84~76~-276~0~1~0~GreyBones~0.08695652~1~0.08695652~1~0.08695652~1~0.08695652~1, CustomDecal><-8.948669><-13.5567><23~635~994~668~1027~-2~195~-307~0~1~0~DirtyWaterLine~0.2934785~1~0.2934785~1~0.2934785~1~0.2934785~1, LightSource><435.1183><276.2318><0.04347826~White~-442~363~-433~-54.39746~0~0~None~0~0, LightSource><1161.45><330.5565><0.07608695~EffectColor2~1341~759~-342~-53.39746~0~1~None~0~0, CustomDecal><128.6954><120.4572><123~255~508~179~538~8~355~-437~0.3152174~0.3586957~1~WhiteFace3~0.25~1~0.25~1~0.25~1~0.25~1, NoSpearStickZone><291.9362><368.1771><3~86, ReliableSpear><754.8155><111.0771><, CustomDecal><442.6978><153.0297><-3~159~62~165~57~1~-511~-501~0~0.09782609~0~CactusMan~0.2826087~1~0.2826087~1~0.2826087~1~0.2826087~1, FairyParticleSettings><134.5557><115.2025><-452.9326~-442.1356~1~0~1.630435~1~1~5.173913~152.1739~500~65.21739~750~0~0~168.2609~191.7391~0~0~0~0.6630435~0.1086956~0~0.6413044~0.4021739~5.617392~Star_Thick~LINEAR~EXP~0~0~0, HarmfulSteam><425.2243><168.3012><5~8.660254~0.1195168~0.6919217~0.2195163~-38.73108~-0.2452545, HarmfulSteam><426.3793><211.6857><5~8.660254~0.1195161~0.4752363~0.1080787~-46.70514~0.3243408, HarmfulSteam><427.2567><248.4718><5~8.660254~0.1257066~0.5~0.1328423~-69.48816~-0.2452698, SlimeMold><247.4465><451.2874><573.4762~77.78033~2~3, SlimeMold><167.3453><487.8732><604.9587~68.52081~2~3, CosmeticSlimeMold><269.9443><447.9526><-9~79, SlimeMold><566.702><88.30583><214~-110~2~3, SlimeMold><687.0098><72.44977><42~-70~2~3, SlimeMold><633.6168><104.8508><135~-170~2~3, CosmeticSlimeMold2><625.8809><37.16064><0~120, BlueToken><297.6539><459.9845><27.77875~-33.33789~187.6608~-32.7171~1~BoxWorm~~0~0~0~0,   
AmbientSounds: OMNI><AM_IND-Fabrik01.ogg><154.3086><32.942><0.5><0.3543478, OMNI><AM_ENV-SubTerr.ogg><351.8627><38.08475><0.2065217><1, OMNI><SO_IND-HeatDuct.ogg><570.9677><33.80263><0.2065217><1, SPOT><SO_IND-MechHum01.ogg><268.5953><319.3242><0.2173913><1><777.5953><57.32419><-35.35534><-35.35534><0><0.1, 
FadePalette: 83, 0.8043478
