Template: NONE
WaveSpeed: 0.5204
WaveLength: 0.9898
WaveAmplitude: 7.422953E-11
SecondWaveLength: 0.1666667
SecondWaveAmplitude: 0
Clouds: 0.05434782
Grime: 0
RandomItemDensity: 0
RandomItemSpearChance: 0
Palette: 81
EffectColorA: 10
EffectColorB: 16
Effects: Fog-1-20-20, BrokenZeroG-0.2065217-279-19, 
PlacedObjects: LightSource><565.8936><951.5513><0.03557023~EffectColor2~1365~-773~344.0328~-1274.508~0~1~None~0~0, LightSource><413.8131><413.0495><0.03446894~EffectColor2~-1357~768~486.0001~-382.3975~0~1~None~0~0, CustomDecal><-92.27979><1154.964><-120~347~1004~314~430~17~-221.0093~-1420.151~0~1~0~GhostSplash~0.206335~1~0.206335~1~0.206335~1~0.206335~1, CustomDecal><20.52155><792.2328><3~408~149~410~149~0~-371.0001~-1058~0~1~0~GhostSplash~0.20674~1~0.20674~1~0.20674~1~0.20674~1, CustomDecal><15.41945><88.86864><10~763~151~771~153~5~-427~-352~0~1~0~GhostSplash~0.2069596~1~0.2069596~1~0.2069596~1~0.2069596~1, CustomDecal><169.8885><97.55082><-4~352~687~378~686~30~-547.7817~-363.8851~0~1~0~GhostSplash~0.2065217~1~0.2065217~1~0.2065217~1~0.2065217~1, CustomDecal><308.7491><360.5946><0~107~116~107~115~1~590.3672~-172.1321~0~0.04347826~0~xPowerLogo~0.7717457~0.05421912~0.7717457~0.05421912~0.7717457~0.05421912~0.7717457~0.05421912, SSLightRod><48.77142><664.5511><-278.6795~-328~0.2173913~0~426.9565~0.5, SSLightRod><169.9025><1458.879><-585.6795~-523~0.2173913~180~170.8695~0.5, SSLightRod><46.75226><205.95><-483.6795~-67~0.2282609~0~245.2174~0.5, SSLightRod><167.7455><200.95><-602.6795~-60~0.2065217~0~170.8695~0.5, SSLightRod><38.44418><41.99944><-478.6795~125~0.2282622~90~154.3478~0.5, CustomDecal><478.6092><164.6676><-12~158~285~159~264~6~-724.0028~-425.9948~0.3152174~0.3478261~0~scavmark stonehead2~0~0.05867999~1~0.05867999~1~0.05867999~1~0.05867999, PlacedFireSprite><316.8966><248.8639><, ARZapperVertical><152.9144><1296.086><38.02325~134.2635, ARZapperHorizontal><37.75601><696.5397><11.33719~358.5116, ARZapperHorizontal><34.47174><214.2113><21.22092~156.093, ARZapperVertical><152.5733><208.9582><29.12793~118.3876, ARZapperVertical><50.46025><30.76051><81.47519~25.47289, 
AmbientSounds: OMNI><AM_SUB-BlankState.ogg><8.073242><130.9361><0.3043478><1, OMNI><SO_SFX-Kepler.ogg><10.33234><207.109><0.08695652><1, SPOT><AM_IND-Shock02.ogg><470.6654><-0.3875732><0.2065217><1><92.64746><34.73737><-35.35534><-35.35534><0><0.06739144, SPOT><AM_IND-Shock02.ogg><838.4033><-4.824951><0.2065217><1><166.455><230.2556><-2.355347><-36.35535><0><0.06739144, SPOT><AM_IND-Shock02.ogg><466.7489><114.7><0.2065217><1><-160.2924><289.6975><-244.3553><-6.355347><0><0.04565231, SPOT><AM_IND-Shock02.ogg><658.757><-1.69989><0.2065217><1><168.7252><301.2911><-26.35535><-28.35535><0><0.06739144, SPOT><AM_IND-Shock02.ogg><549.8215><579.8132><0.2065217><1><165.7997><1318.83><-29.35535><-32.35535><0><0.1, SPOT><AM_IND-Shock02.ogg><731.6074><580.1403><0.2065217><1><167.6078><1400.225><-29.35535><-30.35535><0><0.1, SPOT><SO_IND-MechHum01.ogg><735.6891><447.3152><0.3043478><1><610.6935><1399.318><-32.35535><-34.35535><0><0.1, SPOT><AM_IND-Shock02.ogg><457.4426><257.8039><0.2065217><1><-198.6012><892.8159><-274.3553><14.64465><0><0.04565231, SPOT><AM_WIN_Hilltop.ogg><1098.609><333.9174><0.2065217><1.9><956.6075><229.948><5.644653><-150.3553><0><0.1543473, SPOT><SO_IND-Generator.ogg><759.5423><188.3045><0.4021739><1.058696><33.5423><635.3045><-30.35535><-27.35535><0><0.1, SPOT><SO_IND-MechHum02.ogg><856.1357><372.6031><0.4021739><1><500.1357><325.6031><-30.35535><-28.35535><0><0.1, SPOT><SO_IND-MechHum02.ogg><669.5535><314.7129><0.3804348><0.9608696><28.55347><1084.713><-32.35535><-33.35535><0><0.1, SPOT><SO_IND-HeatDuct.ogg><881.3212><189.6604><0.3586954><1.039129><222.3212><1262.66><-17.35535><-11.35535><0><0.05652183, SPOT><SO_IND-HeatDuct.ogg><924.6262><64.59483><0.3586957><0.9804354><304.6262><1318.595><-17.35535><-12.35535><0><0.05652183, 
FadePalette: 33, 0.6086956, 0.6086956
