Template: NONE
Grime: 0
RandomItemDensity: 0
RandomItemSpearChance: 0
Palette: 81
EffectColorA: 10
EffectColorB: 16
Effects: Fog-1-0-0, BrokenZeroG-0.4021739-257-2, 
PlacedObjects: CustomDecal><112.5291><-18.68915><3~772~759~763~741~6~-532.9654~-323.9434~0~1~0~GhostSplash~0.2070246~1~0.2070246~1~0.2070246~1~0.2070246~1, LightSource><491.5265><343.8696><0.03261931~EffectColor2~1366~-769~166.0891~-396.321~1~0~None~0~0, LightSource><492.8745><345.2719><0.03267271~EffectColor2~1352~-763~423~-400.3975~0~1~None~0~0, LightSource><632.8101><208.5596><1~EffectColor1~-195~188~-820.8712~-137.4561~0~0~None~0~0, LightSource><351.0729><207.3204><1~EffectColor1~190~184~-536~-65.33093~0~0~None~0~0, LightSource><350.1854><489.4248><1~EffectColor1~189~-191~-543~-283.3975~0~0~None~0~0, LightSource><633.8771><490.3422><1~EffectColor1~-190~-194~-833~-212.3975~0~0~None~0~0, CustomDecal><565.6794><421.7818><0~136~135~137~135~0~-948.1211~-765.0402~0~1~0~WhiteEye2~0.3583852~0~0.3583852~0~0.3583852~0~0.3583852~0, DeepProcessing><126.3828><-3.383396><21~703~697~703~701~-5~742.8821~60.03508~0.06484587~0.1099442~0.4565217, EnergySwirl><490.3478><356.3798><Environment~641~249~-255.9178~-450.0027~0.526894, LightningMachine><276.5109><572.9504><-441.959~-181.0093~0~0~-110~44.60254~-32~101~0.02966309~0~0~1~0.9021739~1~0~0.6677471~3~0.2073298~1~0~0, LightningMachine><691.667><185.1645><186.8122~-20.39891~0~0~109~-52.39746~17~-130~0.03691433~0~0~1~1~1~0~0.6514401~3~0.2061449~0~0~0, PlacedFireSprite><492.6018><620.5117><, PlacedFireSprite><490.357><77.13991><, ARZapperOmni><542.0304><417.6318><171.1773~153.3115, ARZapperOmni><269.7601><418.9177><155.7448~160.0908, ARZapperOmni><541.7186><127.6128><173.1064~168.807, ARZapperOmni><265.3667><129.1274><165.3901~165.9016, ARZapperOmni><458.9371><169.3099><67.00708~76.802, ARZapperOmni><595.63><316.3011><72.79431~70.99118, ARZapperOmni><454.6021><454.2455><75.68793~70.02271, ARZapperOmni><310.4871><306.1895><75.68793~77.77048, ARZapperOmni><598.2853><65.4099><67.97162~43.8739, ARZapperOmni><309.8394><67.49667><74.72339~37.09458, ARZapperOmni><317.7556><595.9092><69.9007~38.06305, ARZapperOmni><594.0921><592.5089><68.93616~40.00006, ARZapperOmni><200.4801><445.8885><45.78726~86.48676, ARZapperOmni><208.5693><173.7827><36.14185~75.83353, ARZapperOmni><734.3087><174.051><39.99994~70.99121, ARZapperOmni><734.3305><453.5936><41.92908~74.86505,     
AmbientSounds: OMNI><AM_SUB-BlankState.ogg><320.9296><18.66205><0.3043478><1, OMNI><SO_SFX-Kepler.ogg><130.1313><26.41095><0.08695652><1, SPOT><AM_IND-Shock02.ogg><196.3192><495.5624><0.2065217><1><632.3193><486.5624><-35.35534><-35.35534><0><0.1217389, SPOT><AM_IND-Shock02.ogg><192.0524><375.7808><0.2065217><1><632.0524><206.7808><-35.35534><-35.35534><0><0.1217389, SPOT><AM_IND-Shock02.ogg><12.13336><376.9125><0.2065217><1><348.9884><204.8831><-35.35534><-35.35534><0><0.1217391, SPOT><AM_IND-Shock02.ogg><15.05627><494.7997><0.2065217><1><349.0684><488.8147><-35.35534><-35.35534><0><0.1217391, SPOT><SO_IND-Deep50hz.ogg><774.3575><277.1404><0.3043478><1><632.3575><206.1404><-56.35535><142.6447><0><0.05652187, SPOT><SO_IND-Deep50hz.ogg><774.6154><277.1634><0.3043478><1><632.6153><485.1634><-142.3553><-53.35535><0><0.05652187, SPOT><SO_IND-Deep50hz.ogg><774.3029><276.966><0.3043478><1><350.2703><489.0178><55.64465><-139.3553><0><0.05652187, SPOT><SO_IND-Deep50hz.ogg><774.7><276.9984><0.3043478><1><348.6815><203.9027><142.6447><58.64465><0><0.05652187, SPOT><SO_SFX-Corrosion.ogg><97.48248><209.3008><0.2282609><1.9><487.4824><350.3008><-35.35534><-35.35534><0><0.4021739, 
FadePalette: 33, 0.6086956
