GATE_GW_SL: 1516,729,48,35
GATE_HI_GW: 10,748,48,35
GATE_DS_GW: 159,129,48,35
GW_S05: 205,557,48,35
GW_S04: 1495,692,48,35
GW_S03: 55,747,48,35
GW_C06: 612,1104,48,120
GW_S02: 670,1142,48,35
GW_E02: 675,1185,266,36
GW_B02: 957,1150,54,78
GW_C03: 1013,1182,156,35
GW_C05: 1171,1180,152,35
GW_A24: 1322,1179,60,35
GW_B05: 1007,1100,48,78
GW_A20: 1055,1141,54,35
GW_A21: 1108,1141,48,35
GW_S07: 964,1129,48,35
GW_A19: 910,1151,48,35
GW_B01: 100,720,110,35
GW_A01: 210,718,54,35
GW_C01: 263,723,156,35
GW_B04: 424,677,54,78
GW_A12: 435,742,48,35
GW_A05: 261,1119,54,35
GW_A08: 335,1110,54,35
GW_A06: 406,1109,54,35
GW_S01: 413,1134,48,35
GW_A07: 493,1110,54,35
GW_A10: 555,1107,48,35
GW_D01: 484,710,204,35
GW_B03: 688,672,54,78
GW_A14: 697,644,48,35
GW_B07: 730,247,48,78
GW_A04: 683,260,51,35
GW_S06: 683,224,48,35
GW_C08: 793,188,152,35
GW_C02: 744,713,156,35
GW_A13: 909,705,48,35
GW_A11: 899,738,70,35
GW_S08: 910,270,48,35
GW_B06: 950,642,51,78
GW_A22: 1001,683,54,35
GW_A23: 1058,685,54,35
GW_C11: 1113,684,152,36
GW_C04: 1240,728,160,35
GW_B08: 1404,729,110,35
GW_B09: 207,122,105,35
GW_D02: 313,119,204,35
GW_C07: 441,156,48,120
GW_C10: 515,122,158,35
GW_E01: 677,123,264,35
GW_C09: 944,79,54,120
GATE_GW_SH: 1974,1218,48,35
GW_A25: 1383,1112,100,112
GW_S09: 1830,1104,48,35
GW_EDGE01: 1813,1209,148,35
GW_EDGE02: 1640,1106,176,51
GW_EDGE03: 1604,1175,198,72
GW_EDGE04: 1498,1111,99,35
GW_EDGE05: 1537,1172,48,72
GW_LWA01: 1212,107,70,41
GW_LWS01: 1225,143,48,35
GW_LWA02: 1453,74,62,35
GW_LWA03: 1424,121,60,33
GW_LWA04: 1215,37,59,37
GW_LWA05: 1413,161,58,33
GW_LWB01: 1139,10,67,79
GW_LWB02: 1302,60,118,39
GW_LWC01: 1534,91,101,73
GW_LWD01: 1287,115,120,79
GW_LWD02: 1002,96,207,38
GW_LWA06: 1521,183,48,35
GW_LWC02: 1655,141,100,75
GW_LWB03: 1711,60,48,75
GATE_WRFA_GW: 1656,36,48,35
