Template: NONE
WaveSpeed: 1
Clouds: 0.9021739
Grime: 0.05434782
RandomItemDensity: 0.05434782
RandomItemSpearChance: 0
WaterReflectionAlpha: 0.6086956
Palette: 9
PlacedObjects: CustomDecal><644.3738><169.0948><5~149~415~147~415~-8~-277~64~0~1~0~chaoticb&w~0.4456522~0.4130435~0.4456522~0.4130435~0.4456522~0.4130435~0.4456522~0.4130435, CustomDecal><665><326><-3~120~229~130~264~-12~-277~64~0~1~0~pepsow - the sow~0.3695652~0.326087~0.3695652~0.326087~0.3695652~0.326087~0.3695652~0.326087, CustomDecal><289.0015><281><-67~141~280~266~369~144~-384~-35~0.5652174~1~0~angularwhiteols~0.4130435~0.3913043~0.4130435~0.3913043~0.4130435~0.3913043~0.4130435~0.3913043, 
FadePalette: 8, 0.1304348
