Template: GW_SettingsTemplate_Inside
Clouds: 0.9047894
Grime: 0.334941
RandomItemDensity: 0.7282609
Palette: 9
EffectColorA: 13
EffectColorB: 0
PlacedObjects: Corruption><1468.038><172.7363><10.67184~155.4937, Corruption><1687.95><184.85><16.36346~166.8771, Corruption><686.5427><552.674><16.36346~166.8771, Corruption><436.1094><205.4823><17.07492~126.324, Corruption><2146.841><1084.565><17.78638~154.0709, Corruption><2196.642><1236.817><17.78638~154.0709, Corruption><328.6791><221.1344><10.67178~68.69595, Corruption><252.5531><246.0354><10.67178~68.69595, CustomDecal><1596.292><131.7045><-24.18951~483.2386~161.6594~489.6417~135.3354~-151.5406~-421.8948~0.7114868~0~1~0~rustb2~0.4690671~1~0.4690671~1~0.4690671~1~0.4690671~1, CustomDecal><1740.598><211.8854><-24.18951~483.2386~161.6594~489.6417~135.3354~-151.5406~-421.8948~0.7114868~0.5181274~1~0~rustb2~0.4690671~1~0.4690671~1~0.4690671~1~0.4690671~1, CustomDecal><1912.059><219><-24.18951~483.2386~161.6594~489.6417~135.3354~-151.5406~-421.8948~0.7114868~0.5877261~1~0~rustb2~0.4690671~1~0.4690671~1~0.4690671~1~0.4690671~1, CustomDecal><1857.988><217.5771><-3.55719~483.9501~69.1698~483.95~79.84161~-155.8094~-421.8948~0.7114868~0.5877261~1~0~rustb2~0.4690671~1~0.4690671~1~0.4690671~1~0.4690671~1, CustomDecal><447.4927><368.4063><-6.403046~205.7698~169.4854~205.0584~162.3708~-35.57291~-421.8948~0.7114868~0.5877261~1~0~rustb2~0.4690671~1~0.4690671~1~0.4690671~1~0.4690671~1, CustomDecal><1591.192><956.5021><-24.18951~483.2386~161.6594~489.6417~135.3354~-151.5406~-421.8948~0.7114868~0.6341258~1~0~rustb2~0.4690671~1~0.4690671~1~0.4690671~1~0.4690671~1, CustomDecal><1739.886><916.6604><-24.18951~483.2386~161.6594~489.6417~159.5249~-147.9833~-421.8948~0.7114868~0.6341258~1~0~rustb2~0.4690671~1~0.4690671~1~0.4690671~1~0.4690671~1, CustomDecal><1906.368><927.3323><-24.18951~483.2386~161.6594~489.6417~159.5249~-147.9833~-421.8948~0.7114868~0.6341258~1~0~rustb2~0.4690671~1~0.4690671~1~0.4690671~1~0.4690671~1, CustomDecal><447.4926><773.6573><-21.34369~626.2418~164.5052~602.7635~159.5249~-147.9833~-421.8948~0.7114868~0.6341258~1~0~rustb2~0.4690671~1~0.4690671~1~0.4690671~1~0.4690671~1, CustomDecal><867.9645><776.5031><-21.34369~626.2418~164.5052~602.7635~159.5249~-147.9833~-421.8948~0.7114868~0.6341258~1~0~rustb2~0.4690671~1~0.4690671~1~0.4690671~1~0.4690671~1, CustomDecal><1862.968><821.3247><-21.34369~626.2418~55.65198~631.2219~69.16974~-165.0583~-421.8948~0.7114868~0.6341258~1~0~rustb2~0.4690671~1~0.4690671~1~0.4690671~1~0.4690671~1, CustomDecal><636.0291><770.8115><-2.845764~486.0845~202.2125~521.6572~149.5645~-4.268738~-421.8948~0.7114868~0.6341258~1~0~rustb2~0.4690671~1~0.4690671~1~0.4690671~1~0.4690671~1, CustomDecal><743.4594><779.3489><-46.95618~484.6616~172.3312~481.1041~167.351~-5.691655~-421.8948~0.7114868~0.6341258~1~0~rustb2~0.4690671~1~0.4690671~1~0.4690671~1~0.4690671~1, CustomDecal><589.7844><1089.545><-34.15002~242.0543~261.975~243.4771~175.1769~4.98024~-421.8948~0.7114868~0.6341258~1~0~rustb2~0.4690671~1~0.4690671~1~0.4690671~1~0.4690671~1, CustomDecal><740.6134><1164.959><-6.403137~165.2168~212.8845~121.8175~176.5998~13.51773~-421.8948~0.7114868~0.6341258~1~0~rustb2~0.4690671~1~0.4690671~1~0.4690671~1~0.4690671~1, 
FadePalette: 8, 0.3695652, 0.3586957, 0.3478261, 0.3478261
WetTerrain: OFF
