Template: NONE
Clouds: 1
Grime: 0
RandomItemDensity: 0.5154665
Palette: 12
PlacedObjects: CustomDecal><496.6382><217.6984><-3.557251~185.8489~178.023~187.2719~170.9083~0~-303.7927~-10.67184~0~1~0~whiteeye~0.322136~0.4717278~0.322136~0.4717278~0.322136~0.4717278~0.322136~0.4717278, LanternOnStick><206.1803><280.8769><-78.97183~-126.9552, LanternOnStick><358.8167><184.3636><29.88126~-95.65103, LanternOnStick><940.0781><290.3708><108.8533~-107.7458, LanternOnStick><795.652><175.8261><-14.22888~-96.36247, CustomDecal><306.8801><395.6667><85.375~62.05518~-66.7186~165.9282~-152.8052~55.49377~138.0229~-19.92075~0~1~0~whiteeye2~0.2448034~0.4639952~0.2448034~0.4639952~0.2448034~0.4639952~0.2448034~0.4639952, CustomDecal><289.0938><259.7781><85.375~62.05518~-66.7186~165.9282~-152.8052~55.49377~138.0229~-19.92075~0~1~0~whiteeye2~0.6469309~0.7423912~0.6469309~0.7423912~0.6469309~0.7423912~0.6469309~0.7423912, CustomDecal><299.7656><145.2333><86.08643~115.4146~-78.81339~115.4147~-140.7104~9.248978~138.0229~-19.92075~0~1~0~whiteeye2~0.662396~0.8815891~0.662396~0.8815891~0.662396~0.8815891~0.662396~0.8815891, CustomDecal><415.0219><404.2042><133.7542~11.54169~42.84601~164.5053~-103.7146~116.6793~138.0229~-19.92075~0~1~0~whiteeye2~0.3376007~0.8815891~0.3376007~0.8815891~0.3376007~0.8815891~0.3376007~0.8815891, CustomDecal><392.2552><278.9875><133.7542~11.54169~42.84601~164.5053~-103.7146~116.6793~138.0229~-19.92075~0~1~0~whiteeye2~0.3376007~0.8815891~0.3376007~0.8815891~0.3376007~0.8815891~0.3376007~0.8815891, CustomDecal><511.7803><397.801><141.5802~-10.51355~131.0669~168.0625~-8.379211~152.2522~138.0229~-19.92075~0~1~0~whiteeye2~0.2834685~0.8815891~0.2834685~0.8815891~0.2834685~0.8815891~0.2834685~0.8815891, CustomDecal><793.5177><388.5521><-147.2721~6.561462~-144.9789~142.45~-1.264526~155.098~138.0229~-19.92075~0~1~0~whiteeye2~0.3066685~0.8815891~0.3066685~0.8815891~0.3066685~0.8815891~0.3066685~0.8815891, CustomDecal><796.3635><259.0667><-147.2721~6.561462~-144.9789~142.45~20.07922~137.3115~138.0229~-19.92075~0~1~0~whiteeye2~0.3066685~0.8815891~0.3066685~0.8815891~0.3066685~0.8815891~0.3066685~0.8815891, CustomDecal><955.0187><372.9><-147.2721~6.561462~-144.9789~142.45~20.07922~137.3115~138.0229~-19.92075~0~1~0~whiteeye2~0.3066685~0.8815891~0.3066685~0.8815891~0.3066685~0.8815891~0.3066685~0.8815891, CustomDecal><1016.916><274.7188><-178.5762~8.695831~-144.9789~142.45~11.54175~165.7698~-480.9457~-81.10617~0~1~0~whiteeye2~0.4381342~0.6727912~0.4381342~0.6727912~0.4381342~0.6727912~0.4381342~0.6727912, CustomDecal><887.4301><129.5812><-178.5762~8.695831~-147.8248~143.8729~56.36353~130.9084~-480.9457~-81.10617~0~1~0~whiteeye2~0.6546671~0.6727912~0.6546671~0.6727912~0.6546671~0.6727912~0.6546671~0.6727912, CustomDecal><-25.37082><79.06767><1141.89~-44.66353~1107.188~478.2583~22.925~474.5428~1.423035~216.9948~0~1~0~zgwmarks - c10~0.1674728~0.4639946~0.1674728~0.4639946~0.1674728~0.4639946~0.1674728~0.4639946, 
FadePalette: 8, 0.6650588
