Template: NONE
RainIntensity: 1
Clouds: 0.8994678
Grime: 0
Palette: 9
EffectColorA: 2
EffectColorB: 3
PlacedObjects: Corruption><1802.476><1272.915><-65.45398~-186.0062, Corruption><670.751><1073.532><-26.32379~-123.3979, Corruption><278.7375><838.0396><-50.5134~-139.7614, CustomDecal><524.2768><-13.18613><-107.4302~116.8375~274.7814~489.6417~377.9424~377.7844~-449.6416~46.95624~0.03866643~1~0.0386661~candytag~0.6495925~0.3325292~0.6341254~0.3325292~0.5877271~0.3325292~0.3479963~0.3325292, CustomDecal><406.7999><764.7593><177.8646~-2.687508~178.023~422.7647~0.1581421~421.8947~-466.7167~182.1333~0~1~0.0386661~medusa~0.3557291~0.3325292~0.3557291~0.3325292~0.3557291~0.3325292~0.3557291~0.3325292, CustomDecal><143.5605><912.5967><-149.4063~-113.675~95.49393~-349.1677~224.2674~-234.7814~142.2916~103.8729~0~1~0.0386661~greenwhite(var)~0.4741403~0.8042563~0.4741403~0.8042563~0.4741403~0.8042563~0.4741403~0.8042563, CustomDecal><282.2948><287.5166><19.92087~220.7104~1.581329~323.1605~552.2498~11.38318~292.4093~-157.9437~0.4717275~1~0.0386661~rustb2~0.4664068~1~0.4664068~1~0.4664068~1~0.4664068~1, CustomDecal><915.8979><1141.833><261.1053~-344.899~404.2668~-126.4811~225.6904~177.8645~449.6416~-259.6823~0~1~0.0386661~rustb2~0.4664068~1~0.4664068~1~0.4664068~1~0.4664068~1, CustomDecal><1627.356><1388.708><-241.1843~-248.1406~68.45856~-394.7009~211.4614~2.134277~-495.1751~-357.1521~0~1~0.0386661~rustb2~0.4664068~1~0.4664068~1~0.4664068~1~0.4664068~1, CustomDecal><1681.427><1329.657><-49.802~-84.50525~174.4658~-142.1332~186.5602~-57.6283~-495.1751~-357.1521~0~1~0.0386661~rustb2~0.4664068~1~0.4664068~1~0.4664068~1~0.4664068~1, CustomDecal><262.3739><254.0782><3.557465~104.7426~147.4305~123.2408~155.9674~-10.67209~-322.2907~-101.7386~0.5413268~1~0.0386661~organ~0.4896058~0.57226~0.4896058~0.57226~0.4896058~0.57226~0.4896058~0.57226, ShortcutCannon><488.079><1268.731><41.6604~-71.65942~1, 
FadePalette: 8, 0.1546649, 0.1546647, 0.1546649
