Template: gw_settingstemplate_inside
WaveLength: 0.3478261
SecondWaveLength: 0.3623186
Clouds: 0.6145832
Grime: 0.3331747
Palette: 9
EffectColorA: 13
EffectColorB: 6
PlacedObjects: CustomDecal><1052.577><239.5654><3~132~114~131~114~-4~-319~149~0~1~0~organ~0.5760869~0.6086956~0.5760869~0.6086956~0.5760869~0.6086956~0.5760869~0.6086956, CustomDecal><995><402><-123~161~-226~-127~61~-54~-595~-165~0~1~0~zgwmarks - b07~0.5978261~0.1086956~0.5978261~0.1086956~0.5978261~0.1086956~0.5978261~0.1086956, CustomDecal><638.4105><427.8167><-46.80209~276.4261~325.3032~256.2167~215.7385~-45.2646~-388.0114~-175.425~0.2783969~1~0~scavmark bigsun~1~0.479461~1~0.479461~1~0.479461~0.4354736~0.479461, CustomDecal><781><173><-131.5292~156.7781~164.7427~251.9875~278.9636~31~-319~149~0~1~0~unq - uguu~0.3973614~0.5434783~0.3973614~0.5434783~0.3973614~0.5434783~0.3973614~0.5434783, Corruption><278.6303><498.9102><4~126, Corruption><437><444><-1~77, Corruption><521><571><23~124, Corruption><1169><517><15~77, LightSource><790.5552><619.9246><0.2808082~Environment~-223.3979~-139.7614~-390.3928~-134.661~1~1~None~0~0, LightSource><726.4041><188.1583><0.3581403~Environment~-325.8479~-194.5438~-390.3928~-134.661~1~0~None~0~0, LightSource><487.3542><175.3521><0.1648092~Environment~-325.8479~-194.5438~-390.3928~-134.661~1~0~None~0~0, LightSource><792.5698><615.0333><0.6674692~Environment~-228.3781~-150.4333~-390.3928~-134.661~1~0~None~0~0, LightSource><396.999><336.1417><0.6674692~Environment~-228.3781~-150.4333~-390.3928~-134.661~1~0~None~0~0, CustomDecal><283.6425><254.3613><-230.5125~504.5822~919.3625~382.2114~688.85~-229.0896~-175.0187~120.9479~0.1933313~1~0~rustb3~0.8685349~1~0.8685349~1~0.6056048~1~0.334941~1, LightBeam><314.5546><206.093><-81.10625~308.9313~-33.28018~306.0854~501.7364~-151.5406~201.3428~236.9156~0.8175958~0~0~1~None~0~0, RottenSeedCob><655.3458><532.3764><108.9999~59~2~3, DeadSeedCob><613.8532><503.0011><, 
AmbientSounds: SPOT><SO_WAT-OpenFlow.ogg><740.963><488.476><0.7010644><1><291.2462><410.4687><341.7176><-291.4803><0><0.1, SPOT><SO_WAT-Pour.ogg><731.7639><376.1797><0.5><1><288.4504><295.3266><-67.37096><-70.2168><0><0.1, OMNI><SO_WAT-LilDrips.ogg><535.0355><439.1369><0.5><1, OMNI><SO_WAT-MoreDrips.ogg><537.5851><512.9379><0.5><1, SPOT><SO_WAT-OpenFlow.ogg><868.1335><269.8863><0.5><1><741.4189><165.555><-346.9742><102.6676><0><0.1, 
FadePalette: 8, 0.3586957
