Template: NONE
Clouds: 0.9021739
Grime: 0
Palette: 9
EffectColorA: 4
EffectColorB: 8
PlacedObjects: Corruption><536.8016><145.9748><21~142, Corruption><674><31><48~169, Corruption><890><62><3~152, Corruption><1636><140><9~108, Corruption><1782><142><18~100, Corruption><1556><376><13~87, Corruption><981><47><31~140, CustomDecal><1906.114><274.1642><-1~44~145~44~145~0~-392~-2~0~1~0~albinooctopus~0.2934783~0.4891304~0.2934783~0.4891304~0.2934783~0.4891304~0.2934783~0.4891304, CustomDecal><757><340><0~106~121~106~122~-4~-280~-11~0~1~0~owlface~0.2065217~0.3043478~0.2065217~0.3043478~0.2065217~0.3043478~0.2065217~0.3043478, CustomDecal><249><495><-1~98~316~96~316~0~353~-81.05634~0.2826087~0.9456522~1~angularwhiteols~0.3043478~0.2717391~0.4130435~0.2717391~0.4130435~0.2717391~0.4130435~0.2717391, CustomDecal><1175.996><224><0~175~67~175~67~0~-273~-108.0563~0~0.1413043~0~verticalmess~0.423913~0.1956522~0.423913~0.1956522~0.423913~0.1956522~0.423913~0.1956522, 
FadePalette: 8, 0.3586957, 0.3586957
