Clouds: 0.02173913
Grime: 0.4021739
PlacedObjects: CustomDecal><57.38757><124.3346><-14~477~738~483~846~-53~-264~175~0.5869565~1~0~OrangePink~0.6521739~0.8043478~0.6521739~0.8043478~0.6521739~0.8043478~0.6521739~0.8043478, CustomDecal><75.07349><79.84402><-6~214~837~174~832~-76~-3~225~0.4347826~1~0~Long Tag~0.5652174~0.8369565~0.5652174~0.8369565~0.5652174~0.8369565~0.5652174~0.8369565, CustomDecal><616.088><170.1327><-46~139~137~197~208~-16~-99~-205~0.3804348~1~0~WhiteTag3Q~0.5~0.8913044~0.5~0.8913044~0.5~0.8913044~0.5~0.8913044, CustomDecal><476.3278><19.14841><12~374~214~363~255~-28~-220~-47.00002~0.3586957~1~0~Rust1~0.7608696~1~0.7608696~1~0.7608696~1~0.7608696~1, CustomDecal><260.1113><29.41617><-5~318~167~289~172~4~-286~-66~0.423913~1~0~Rust2~0.7608696~1~0.7608696~1~0.7608696~1~0.7608696~1, DangleFruit><571.5698><344.0869><0~0~2~3, DangleFruit><621.8589><388.8322><0~0~2~3, DangleFruit><349.6932><503.4481><0~0~2~3, 
AmbientSounds: OMNI><AM_IND-Utility02.ogg><26.06488><532.9243><0.5><1, OMNI><SO_WAT-DripTap.ogg><24.40173><445.1303><0.2282609><1, SPOT><SO_WAT-Splashes.ogg><23.7467><316.95><0.3804348><1><447.7467><41.94997><-418.3553><42.64465><0><0.1869567, SPOT><SO_IND-HVAC.ogg><222.05><491.2447><0.3913043><0.8043478><594.05><320.2448><-138.3553><-30.35535><0><0.06739144, SPOT><SO_IND-HVAC.ogg><226.1445><369.5801><0.4021739><0.8043478><329.1444><261.5801><-85.35535><-52.35535><0><0.0673911, 
FadePalette: 8, 0.2717391
