Template: NONE
Clouds: 0.8586956
Grime: 0
Palette: 80
EffectColorA: 10
EffectColorB: 4
Effects: Fog-1-20-20, Wasp-1-290-21, DarkenLights-0.5014738-35.12619-89.8054, 
PlacedObjects: LightSource><1469.556><213.692><0.05434782~Environment~-654~476~440~-241.3975~1~0~None~0~0, CustomDecal><1242.448><57.77692><-3~93~179~115~197~14~-1604~-387~0~1~0~WetWhite~0.3586957~0.5~1~0.5~0~0.5~1~0.5, CustomDecal><37.11853><-28.40076><4~645~1105~610~1112~-15~-363~-298~0~1~0~xColdStorageLogo~0.1521739~1~0.1521739~1~0.1521739~1~0.1521739~1, CustomDecal><830.0914><-40.37186><6~596~1045~556~1190~0~-1226~-289~0~1~0~xColdStorageLogo~0.1521739~1~0.1521739~1~0.1521739~1~0.1521739~1, LightSource><534.3016><159.9751><0.05434782~Environment~-712~563~383.9999~-194.3975~1~0~None~0~0, ReliableSpear><1072.986><290.2><, 
AmbientSounds: OMNI><SO_IND-HVAC.ogg><138.1356><21.64706><0.2065217><1, OMNI><SO_IND-WeirdVent.ogg><326.5339><15.19711><0.2065217><1, SPOT><SO_IND-MechHum01.ogg><96.21259><339.3035><0.3043478><1><597.2126><220.3035><-35.35534><-35.35534><0><0.1, SPOT><SO_IND-Boiler.ogg><737.9236><307.8493><0.3043478><1><1303.924><19.84933><-32.35535><-35.35535><0><0.1, SPOT><RWTW_AR_Heater.ogg><270.1635><465.1151><0.1304348><0.8043478><1447.164><417.1151><-30.35535><-29.35535><0><0.2086958, 
FadePalette: 454, 0.7052913, 0.7052913
