IW_IDK_train: 2974,3576,48,35
IW_FAST02: 3021,3587,27,13
IW_FASTIN: 3058,3587,27,13
IW_FAST01: 2921,3613,100,48
GATE_OE_IW: 4467,3265,48,35
IW_LWB01: 4357,3375,155,77
IW_H01: 3997,3377,360,75
IW_G01: 3598,3408,360,37
IW_D01: 3610,5684,54,155
IW_F04: 3368,3170,256,76
IW_A04: 3318,5609,48,35
IW_A05: 3320,3241,48,35
IW_F05: 3003,3171,308,35
IW_S02: 3059,3127,48,35
IW_F07: 2729,3169,256,75
IW_D02: 2534,705,202,38
IW_A06: 2530,3087,54,38
IW_G02: 3156,3048,204,75
IW_C01: 3004,3049,152,35
IW_H02: 2799,3018,204,75
IW_E01: 2758,440,48,195
IW_D03: 2594,3065,204,35
IW_F06: 2656,281,100,195
IW_E02: 2646,84,48,195
IW_E03: 2390,89,256,35
IW_E04: 2166,87,204,75
IW_D04: 2831,5665,48,155
IW_I04: 2569,3385,308,75
IW_F08: 2307,3393,230,75
IW_H03: 2031,3388,256,75
IW_F09: 1943,3273,100,115
IW_G03: 1588,3217,352,35
IW_F11: 1252,3215,308,35
IW_F10: 906,3215,308,35
IW_TempEdgeWest: 10,3220,66,35
IW_TempEdgeSouth: 2814,2448,48,35
IW_F03: 2760,3618,101,116
IW_F02notrain: 2761,3790,100,108
IW_L01: 2722,3978,146,145
IW_I03: 2730,4123,132,107
IW_I02: 2720,4246,150,112
IW_I01: 2719,4358,152,124
IW_B01: 2771,4482,48,71
IW_F01: 2771,4553,48,313
IW_A01: 2810,6125,48,35
IW_S01: 2792,6439,48,38
IW_A02: 2808,6622,48,38
IW_A03: 2755,6704,48,35
