Template: iw_settingstemplate_communicationarray
WaveSpeed: 0.6933336
WaveLength: 0.9033332
WaveAmplitude: 0.0003874552
SecondWaveLength: 0.1666667
SecondWaveAmplitude: 0
PlacedObjects: SnowSource><1445.775><336.4814><Radial~573.4354~137.7073~168.0445~114.3358~0.2732424~0, SnowSource><738.5135><521.0333><Radial~573.4354~137.7073~50~86.60254~0.5205861~1, SnowSource><873.6907><1172.986><Radial~574.1465~133.4406~50~86.60254~0.3195257~0.4871932, SnowSource><1547.653><1081.208><Radial~544.9771~122.7667~50~86.60254~0.5438046~0.549059, SnowSource><1415.322><1895.508><Radial~544.9771~122.7667~50~86.60254~0.466493~0.4098597, SnowSource><606.9702><1901.854><Radial~544.9771~122.7667~50~86.60254~0.5669768~1, LightSource><1330.163><353.9416><0.2498753~EffectColor1~20.63229~75.09894~50~86.60254~0~1~None~0~0, LightSource><1329.235><192.3395><0.2498753~EffectColor1~20.63229~75.09894~50~86.60254~0~1~None~0~0, LightSource><887.9196><1989.421><0.2498753~EffectColor1~20.63229~75.09894~50~86.60254~0~1~None~0~0, LightSource><887.2082><1906.181><0.2498753~EffectColor1~20.63229~75.09894~50~86.60254~0~1~None~0~0, LightSource><845.2323><1224.212><0.3040082~EffectColor1~-51.93646~101.4229~50~86.60254~0~1~None~0~0, SnowSource><1234.844><-47.33332><Radial~573.4354~137.7073~168.0445~114.3358~0.2732424~0, 
AmbientSounds: SPOT><SO_SFX-Data4.ogg><531.8115><0.444046><0.1571868><0.4014469><1324.527><348.5128><-96.54077><-96.54074><0><0.1463995, SPOT><SO_SFX-Data3.ogg><364.5667><1.90844><0.1520558><1><886.7168><1163.431><173.8134><-88.0033><0><0.1, SPOT><AM_IND-ElectricHum03.ogg><693.5919><2.832565><0.1599035><1><852.8981><1953.754><-7.608521><-13.30011><0><0.2082652, 
FadePalette: 2, 0.2629302, 0.2629303, 0.255197, 0.2551971, 0.2474637, 0.2474637
BackgroundOffset: 0,231.9932
