Template: iw_settingstemplate_communicationarray
WaveSpeed: 0.6933336
WaveLength: 0.9033332
WaveAmplitude: 0.0003874552
SecondWaveLength: 0.1666667
SecondWaveAmplitude: 0
PlacedObjects: SnowSource><1445.775><337.1929><Radial~573.4354~137.7073~50~86.60254~0.6133389~0, SnowSource><738.5135><521.0333><Radial~573.4354~137.7073~50~86.60254~0.6133389~0.3866617, SnowSource><873.6907><1172.986><Radial~573.4354~137.7073~50~86.60254~0.4200081~0.4871932, SnowSource><1547.653><1081.208><Radial~544.9771~122.7667~50~86.60254~0.6752048~0.549059, SnowSource><1415.322><1895.508><Radial~544.9771~122.7667~50~86.60254~0.6442712~0.4098597, SnowSource><763.4146><1784.521><Radial~544.9771~122.7667~50~86.60254~0.6442712~0.4098597, 
AmbientSounds: SPOT><SO_SFX-Data4.ogg><531.8115><0.444046><0.381341><0.4014469><1324.527><348.5128><-96.54077><-96.54074><0><0.1463995, SPOT><SO_SFX-Data3.ogg><364.5667><1.90844><0.2602685><1><886.7168><1163.431><173.8134><-88.0033><0><0.1, SPOT><AM_IND-ElectricHum03.ogg><693.5919><2.832565><0.5><1><852.8981><1953.754><-7.608521><-13.30011><0><0.2082652, 
FadePalette: 2, 0.2629302, 0.2629303, 0.255197, 0.2551971, 0.2474637, 0.2474637
BackgroundOffset: 0,231.9932
