Template: iw_settingstemplate_surface
WaveSpeed: 0.5976399
WaveLength: 0.9511801
WaveAmplitude: 0.003242111
SecondWaveLength: 0.1666667
SecondWaveAmplitude: 0
Grime: 0.5799929
TerrainLight: 0.1933315
TerrainStainAmount: 0.3789288
TerrainStainBrightness: 0.2834672
TerrainStainHeight: 1
TerrainWaves: 0.4407946
TerrainEdgeRadius: 30.61364
TerrainGooHeight: 0.1029438
TerrainGrain: 0.4041323
TerrainDepth: -10
TerrainSkyFade: 0.3789288
TerrainPalette: ridgesnow
Effects: SurfaceSandstorm-0.6031929-20-20, LightBurn-0.06959932-726.5177-409.9188, 
PlacedObjects: FloatingDebris><325.3984><418.8554><-112.2122~-236.0062~420901234~3~3~0.5872272~1.979211~7~-363.0416|118.1021|584.3053|1324.42|1464.064~305.4136|173.0823|285.4928|838.2959|1033.236~-1.406708|0.2001978|0.5274695|-0.04881287|1.046833~-1.166792|0.7754889|1.052959|-0.2418964|0.8466357~-0.09249023|-1.963625|-0.8324054|-1.757302|0.9106671~Stardust~1~0.7541458v2.618167v0v0|1.088531v5.27902v0v0|1.543864v1.401572v0v0|0.583396v0.7754895v0v0|2.611052v2.582593v0v0~0, TerrainHandle><59.11116><196.1996><-79.1302~7.826035~51.3833~-17.075~20, TerrainHandle><378.9741><157.8252><-91.06665~-9.960419~49.09058~9.248962~20, TerrainHandle><938.9552><151.2729><-170.1969~19.20937~113.2802~-0.711441~20, TerrainHandle><4929.659><176.8854><-95.49365~-36.28438~141.7385~49.09065~20, TerrainHandle><3914.908><138.4628><-170.9081~-55.49373~169.4855~65.45422~20, TerrainHandle><2601.357><102.8935><-212.1727~10.67187~189.4064~-4.980164~20, TerrainHandle><3302.343><98.625><-197.2323~-41.26458~197.9437~38.4187~20, FloatingDebris><442.3561><233.0906><-65.96747~-236.7176~780659501~3~3~0.5872272~1.979211~7~-195.1374|292.4093|974.1843|1308.768|1593.549~375.848|185.1772|107.6282|291.8959|314.6626~-1.406708|0.25|0.5061252|1.253156|0.25~-1.166792|0|-0.007114258|0.007113647|0.2988122~-0.09249023|-0.583396|-0.2988135|-0.3984174|-0.04268738~Stardust~1~0.7541458v2.618167v0v0|1.451374v2.077458v0v0|-0.08537476v1.188135v0v0|-0.1707495v0.697229v0v0|0.01422928v2.269552v0v0~0, SnowSource><92.02286><409.4105><Radial~429.0094~-116.9948~50~86.60254~0.7293363~1, SnowSource><786.6984><547.5555><None~429.0094~-116.9948~50~86.60254~0.5282447~1, SnowSource><1548.886><434.4333><None~429.0094~-116.9948~50~86.60254~0.5282447~1, SnowSource><2153.17><550.3326><Radial~325.1364~-84.97916~50~86.60254~0.5282447~0.8530682, SnowSource><1166.122><1282.828><None~593.3563~-203.0813~50~86.60254~0.7215756~0.8530682, SnowSource><1947.303><1281.405><None~394.8594~-92.09381~50~86.60254~0.5359859~1, SnowSource><3067.351><1233.738><None~394.8594~-92.09381~50~86.60254~0.4741198~1, SnowSource><3693.645><1009.628><None~394.8594~-92.09381~50~86.60254~0.4741198~1, SnowSource><4840.727><476.4094><None~409.0885~-136.2042~50~86.60254~0.4741198~1, LanternOnStick><2149.569><572.4563><44.1106~-81.42188, DangleFruit><2968.255><637.2151><0~0~2~3, DangleFruit><3029.801><618.7241><0~0~2~3, TerrainHandle><1512.602><161.2333><-116.8375~1.422913~141.027~-7.114563~-4.18959, TerrainHandle><4332.036><199.6521><-128.2208~-2.134415~229.9595~2.845917~20, CustomDecal><2295.682><406.5912><-95.33542~1169.796~600.6292~1169.796~537.3094~-0.7114868~-292.4094~-110.9874~0~1~0~aquadragons~0.3015963~0.665059~0.3221356~0.4407949~0.2757356~0.479461~0.3453352~0.1314651, 
FadePalette: 201, 0.1237319, 0.100532, 0.1391985, 0.1469317, 0.1469317, 0.1237319
