Template: iw_settingstemplate_train
RainIntensity: 0
RumbleIntensity: 0
WaveSpeed: 0.5
WaveLength: 1
WaveAmplitude: 4.029125E-22
SecondWaveLength: 0.1666667
SecondWaveAmplitude: 0
PlacedObjects: SeedCob><313.459><120.1492><0~0~7~10, LanternOnStick><259.2163><147.3607><15.65207~-73.59586, 
