Template: iw_settingstemplate_communicationarray
RainIntensity: 1
RumbleIntensity: 1
WaveSpeed: 0.490318
WaveLength: 0.995159
WaveAmplitude: 0.0001064959
SecondWaveLength: 0.1666667
SecondWaveAmplitude: 0
Clouds: 0.01545848
Grime: 0
RandomItemDensity: 0.3067634
RandomItemSpearChance: 0.1072461
PlacedObjects: SnowSource><642.5961><644.4036><Radial~606.5779~-159.5556~50~86.60254~0.8917874~0.7420285, SnowSource><1086.244><1529.444><Radial~606.5779~-159.5556~50~86.60254~0.3043485~0.6570047, SnowSource><1529.283><1783.406><Radial~606.5779~-159.5556~-59.51111~171.9359~0~0.6803967, SnowSource><1551.334><863.1332><Radial~606.5779~-159.5556~62.08881~46.78031~0.837681~0.7806761, SnowSource><796.8222><1861.956><Radial~275.9112~-42.22229~50~86.60254~0.69855~0.5797106, SnowSource><784.7333><2277.956><Radial~275.9112~-42.22229~-332.5777~-152.3308~0.4202894~0.5410621, SnowSource><1519.333><2188.356><Radial~585.2446~-64.26678~50~86.60254~0.7449254~0.6521739, DangleFruit><1311.77><1310.302><-370.6698~-138.7344~2~3, DangleFruit><1267.64><1297.097><-332.9625~-45.53336~2~3, DangleFruit><1283.142><1285.317><-351.4604~43.39899~2~3, ExitSymbolHidden><1732.401><2049.484><, LightSource><1435.865><1924.512><0.5362316~EffectColor1~71.8222~68.71112~50~86.60254~0~1~None~0~0, LightSource><1571.245><1764.534><0.5362316~EffectColor1~71.8222~68.71112~50~86.60254~0~1~None~0~0, LightSource><1575.511><1921.689><0.5362316~EffectColor1~71.8222~68.71112~50~86.60254~0~1~None~0~0, CustomDecal><1296.869><117.2091><55.46664~1227.556~292.4445~1246.044~297.4222~6.399996~-283.0222~196.2667~0~1~0~pipemonsters~0.1521746~0.7574878~0.08260942~0.6956522~0.3376817~0.7806765~0.5000007~0.6647342, CustomDecal><661.7842><115.4253><20.62225~1216.889~295.2889~1225.422~313.7778~-1.422222~-551.1111~200.5298~0~1~0~verticalmess~0.2603866~0.5024149~0.1444443~0.7574874~0.1057971~0.4946853~0.07487952~0.765217, CustomDecal><1565.983><2090.985><-40.53333~155.9112~158.7556~175.8223~183.6443~-9.955536~-343.4667~-305.7778~0~1~0~lc_entrymarksb~0.6623197~0.2318842~0.4845415~0.1700486~0.4922711~0.1855074~0.4690824~0.2628018, 
AmbientSounds: SPOT><AM_IND-ElectricHum02.ogg><442.6966><167.7625><0.1521739><1><1474.502><1765.011><-290.7689><-73.77409><0><0.1, SPOT><AM_IND-ElectricHum02.ogg><438.0925><293.2279><0.1520793><1><763.8842><1625.039><-125.7106><-89.42615><0><0.1, SPOT><AM_IND-ElectricHum02.ogg><427.9016><407.4792><0.1521739><1><654.0892><418.3375><-31.08655><-36.77826><0><0.1, SPOT><SO_SFX-Data5.ogg><627.1858><408.1556><0.1599559><1><1303.262><1094.675><-64.52518><-54.56473><0><0.1, SPOT><AM_WIN-StrongWnd2.ogg><599.8999><283.0114><0.1522263><1><138.1072><1666.111><252.7853><-43.89285><0><0.4247954, SPOT><AM_WIN-StrongWnd2.ogg><46.61542><305.148><0.3068161><1><233.6727><530.1553><180.2165><-78.04282><0><0.2237318, SPOT><AM_WIN-StrongWnd2.ogg><573.8183><544.2427><0.1599552><1><2051.581><2058.959><-162.7063><-76.61987><0><0.2855974, SPOT><AM_WIN-StrongWnd2.ogg><761.9474><195.244><0.1523192><1><2073.356><1710.675><-151.3231><-33.93242><0><0.2237317, 
FadePalette: 2, 0.2395532, 0.2318198, 0.2318313, 0.1622623, 0.1314011, 0.2086958
BackgroundOffset: 0,309.332
