Template: iw_settingstemplate_surface
WaveSpeed: 0.728521
WaveLength: 0.8857395
WaveAmplitude: 9.791882E-09
SecondWaveLength: 0.1666667
SecondWaveAmplitude: 0
Grime: 0.5799929
TerrainLight: 0.1933315
TerrainStainAmount: 0.3789288
TerrainStainBrightness: 0.2834672
TerrainStainHeight: 1
TerrainWaves: 0.4407946
TerrainEdgeRadius: 30.61364
TerrainGooHeight: 0.1029438
TerrainGrain: 0.4041323
TerrainDepth: -10
TerrainSkyFade: 0.3789288
TerrainPalette: ridgesnow
Effects: SurfaceSandstorm-0.6031929-20-20, LightBurn-0.06959932-726.5177-409.9188, 
PlacedObjects: FloatingDebris><325.3984><418.8554><-112.2122~-236.0062~420901234~3~3~0.5872272~1.979211~7~-363.0416|118.1021|584.3053|1324.42|1464.064~305.4136|173.0823|285.4928|838.2959|1033.236~-1.406708|0.2001978|0.5274695|-0.04881287|1.046833~-1.166792|0.7754889|1.052959|-0.2418964|0.8466357~-0.09249023|-1.963625|-0.8324054|-1.757302|0.9106671~Stardust~1~0.7541458v2.618167v0v0|1.088531v5.27902v0v0|1.543864v1.401572v0v0|0.583396v0.7754895v0v0|2.611052v2.582593v0v0~0, TerrainHandle><59.11116><196.1996><-79.1302~7.826035~51.3833~-17.075~20, TerrainHandle><378.9741><157.8252><-91.06665~-9.960419~49.09058~9.248962~20, TerrainHandle><938.9552><151.2729><-170.1969~19.20937~112.5687~-25.61249~20, TerrainHandle><4929.659><176.8854><-95.49365~-36.28438~141.7385~49.09065~20, TerrainHandle><4391.085><211.7469><-181.5801~55.49376~170.9083~-44.11038~20, TerrainHandle><3739.889><247.316><-170.1967~-17.78644~187.2719~31.3042~20, TerrainHandle><2514.551><269.3747><-113.2802~0~135.3356~2.13443~20, TerrainHandle><1569.566><200.3635><-200.7896~35.57292~221.4218~-34.15002~20, TerrainHandle><3237.6><286.45><-204.3469~-11.38333~200.7895~7.114532~20, FloatingDebris><442.3561><233.0906><-65.96747~-236.7176~780659501~3~3~0.5872272~1.979211~7~-195.1374|292.4093|974.1843|1308.768|1593.549~375.848|185.1772|107.6282|291.8959|314.6626~-1.406708|0.25|0.5061252|1.253156|0.25~-1.166792|0|-0.007114258|0.007113647|0.2988122~-0.09249023|-0.583396|-0.2988135|-0.3984174|-0.04268738~Stardust~1~0.7541458v2.618167v0v0|1.451374v2.077458v0v0|-0.08537476v1.188135v0v0|-0.1707495v0.697229v0v0|0.01422928v2.269552v0v0~0, SnowSource><92.02286><409.4105><Radial~429.0094~-116.9948~50~86.60254~0.7293363~1, SnowSource><786.6984><547.5555><None~429.0094~-116.9948~50~86.60254~0.5282447~1, SnowSource><1548.886><434.4333><None~429.0094~-116.9948~50~86.60254~0.5282447~1, SnowSource><2153.17><550.3326><Radial~325.1364~-84.97916~50~86.60254~0.5282447~0.8530682, SnowSource><1166.122><1282.828><None~593.3563~-203.0813~50~86.60254~0.7215756~0.8530682, SnowSource><1947.303><1281.405><None~394.8594~-92.09381~50~86.60254~0.5359859~1, SnowSource><3067.351><1233.738><None~394.8594~-92.09381~50~86.60254~0.4741198~1, SnowSource><3693.645><1009.628><None~394.8594~-92.09381~50~86.60254~0.4741198~1, SnowSource><4219.623><751.0331><None~318.7334~-110.5917~50~86.60254~0.4741198~1, SnowSource><4840.727><476.4094><None~409.0885~-136.2042~50~86.60254~0.4741198~1, SteamPipe><2557.85><467.3744><0~92.17395, SteamPipe><2854.167><463.8922><0~100, LanternOnStick><2525.18><561.321><-27.03546~-75.01874, LanternOnStick><3014.787><577.9407><42.68762~-103.4771, LanternOnStick><3767.969><383.6338><-28.45831~-77.15311, LanternOnStick><3195.624><495.6188><-26.32394~-82.84476, LanternOnStick><4180.993><370.4021><-22.05505~-101.3427, LanternOnStick><2149.569><572.4563><44.1106~-81.42188, LanternOnStick><1726.04><499.8958><44.1106~-81.42188, LanternOnStick><751.8416><367.3744><38.41895~-194.5438, LanternOnStick><976.6625><355.4615><-35.57275~-195.2552, DangleFruit><2968.255><637.2151><0~0~2~3, DangleFruit><3029.801><618.7241><0~0~2~3, TerrainHandle><1887.752><147.7157><-107.5884~-2.84584~130.3551~48.37918~20, 
FadePalette: 10, 0, 0, 0, 0, 0.100532, 0.4021288, 0.3093297, 0
