Template: iw_settingstemplate_subway
WaveSpeed: 0.5003057
WaveLength: 0.9998472
WaveAmplitude: 0.0002146339
SecondWaveLength: 0.1666667
SecondWaveAmplitude: 0
EffectColorA: 18
PlacedObjects: LightningMachine><2379.724><863.8166><-163.4375~179.2875~0~0~26.1261~46.76089~-101.4229~46.95625~0.139198~0~0~1~0.8~0.3093302~1~1~1~0.4818732~0~1~1, LightningMachine><2428.421><960.1071><-163.4375~179.2875~0~0~92.29181~48.89525~-50.90936~51.93643~0.139198~0~0~1~0.8~0.3093302~1~1~1~0.4818732~0~1~1, LightSource><2331.068><809.6727><0.249874~EffectColor1~78.26038~-1.027077~-31.10626~78.7765~0~0~Fade~0.7501248~0, LightSource><1943.206><960.826><0.6829357~EffectColor1~238.3385~-20.23647~-31.10626~78.7765~0~0~Flash~0.6263927~0, LightSource><2782.016><949.4427><0.6829357~EffectColor1~238.3385~-20.23647~-31.10626~78.7765~0~0~Flash~0.9047905~0, LightSource><2321.991><583.7292><0.6829357~EffectColor1~238.3385~-20.23647~-31.10626~78.7765~0~0~Flash~0.9511898~0, LightSource><2764.518><582.3063><0.6829357~EffectColor1~238.3385~-20.23647~-31.10626~78.7765~0~0~None~0~0, DangleFruit><1133.241><389.1913><179.999~312.3302~2~3, DangleFruit><1183.495><320.8232><165.0583~150.8292~2~3, DangleFruit><1091.285><337.2946><173.5959~226.9552~2~3, Mushroom><1062.338><172.326><-155.8094~158.6552~2~3, Mushroom><1101.433><169.7593><-180.7104~145.849~2~3, Mushroom><1181.421><165.9437><-250.4333~142.2917~2~3, Mushroom><1249.547><171.9043><39.13019~119.525~2~3, SteamPipe><3676.249><176.8186><0~100, SteamPipe><3609.515><196.893><0~100, SteamPipe><3637.524><145.7492><0~100, SteamPipe><3583.304><158.2534><0~100, LightFixture><3344.738><1036.888><RedLight~17.32051~-10~68, LightSource><1129.538><170.7004><0.4664068~White~89.64374~88.61667~50~86.60254~1~0~None~0~0, SteamPipe><449.2354><1036.952><42.6875~82.21356, SteamPipe><398.0104><1064.699><-34.86145~70.11874, LightSource><295.5604><1165.015><0.5824041~EffectColor1~129.4854~-31.61984~-31.10626~78.7765~0~0~Flash~0.8042583~0, 
AmbientSounds: SPOT><am_ind-deephum.ogg><774.4246><224.9819><0.2293363><1><2869.803><933.8718><-142.0741><-53.14178><0><0.1, SPOT><AM_IND-DeepHum.ogg><732.2701><306.0949><0.2757363><1><1833.602><900.1511><116.1852><-80.88866><0><0.1, SPOT><so_ind-deep50hz.ogg><553.8521><400.6105><0.2989349><1><2308.019><587.2657><-26.81787><-90.84912><0><0.1, SPOT><so_ind-deep50hz.ogg><629.1096><283.1348><0.2989363><1><2748.254><581.489><-115.7501><-82.31165><0><0.1, SPOT><SO_IND-Deep50hz.ogg><729.0226><501.2423><0.5><1><306.6413><1166.733><-35.35534><-35.35534><0><0.1, 
FadePalette: 10, 0.6031932, 0.6031925, 0.6031919, 0.6573254, 0.7037247, 0.6495932, 0.7037247, 0.6573254
