Template: iw_settingstemplate_communicationarray
WaveSpeed: 0.4744698
WaveLength: 0.9872349
WaveAmplitude: 0.0003196069
SecondWaveLength: 0.1666667
SecondWaveAmplitude: 0
PlacedObjects: FirecrackerPlant><2526.794><477.6431><-128.0625~93.91254~2~3, FirecrackerPlant><2551.14><479.0436><-54.78229~103.1614~2~3, LightSource><111.7141><642.4974><0.5901377~Environment~904.9751~-236.5198~50~86.60254~1~1~None~0~0, LightSource><2828.28><618.4166><0.5901377~Environment~904.9751~-236.5198~50~86.60254~1~1~None~0~0, LightSource><1067.593><2074.978><0.203476~Environment~904.9751~-236.5198~50~86.60254~1~1~None~0~0, LightSource><1991.777><2040.116><0.203476~Environment~904.9751~-236.5198~50~86.60254~1~1~None~0~0, LightSource><274.9313><1369.205><0.3426739~Environment~841.6553~-155.4136~50~86.60254~1~1~None~0~0, LightSource><2598.479><1339.361><0.3426739~Environment~904.9751~-236.5198~50~86.60254~1~1~None~0~0, SnowSource><807.3066><407.0149><Radial~-834.5405~-356.0448~50~86.60254~0.4741291~0.7266793, SnowSource><2184.41><379.3667><Radial~743.474~-256.4406~50~86.60254~0.4122752~0.7653278, SnowSource><1470.278><768.5343><Radial~743.474~-256.4406~50~86.60254~0.4356033~1, SnowSource><954.4708><1283.868><Radial~743.474~-256.4406~50~86.60254~0.4356162~0.695762, SnowSource><2024.504><1340.073><Radial~743.474~-256.4406~50~86.60254~0.4432499~0.7266799, SnowSource><1268.224><2084.228><Radial~489.4836~-126.2437~67.06665~19.75806~0.3118492~0.3092884, SnowSource><1848.063><2103.437><Radial~489.4836~-126.2437~50~86.60254~0.3427668~0.4870672, 
AmbientSounds: SPOT><AM_WIN-StrongWnd2.ogg><669.5674><2.824875><0.2913341><1><3.870605><1187.474><478.3176><-100.098><0><1, SPOT><AM_WIN-StrongWnd2.ogg><149.0089><4.058617><0.330031><1><2738.159><558.3638><70.65198><-137.0938><0><0.1850659, SPOT><AM_IND-ElectricHum02.ogg><317.6341><8.130829><0.1597635><1><1337.479><540.3809><-26.81787><-56.6991><0><0.2855988, SPOT><AM_IND-ElectricHum02.ogg><490.826><-1.112152><0.2138844><1><1716.282><546.7899><-17.56885><-61.67932><0><0.2933317, SPOT><AM_IND-ElectricHum02.ogg><754.1484><278.3297><0.1752538><1><1527.117><1335.162><-35.35534><-35.35534><0><0.4015967, SPOT><AM_WIN-StrongWnd2.ogg><578.2548><281.0829><0.1752757><1><872.3238><2203.62><268.4374><-106.5012><0><0.5021276, 
FadePalette: 2, 0.4021291, 0.4021288, 0.4098622, 0.402129, 0.4098619, 0.4021283, 0.4021283, 0.402128, 0.4098623
