Template: iw_settingstemplate_communicationarray
WaveSpeed: 0.7166759
WaveLength: 0.891662
WaveAmplitude: 9.834721E-06
SecondWaveLength: 0.1666667
SecondWaveAmplitude: 0
PlacedObjects: SnowSource><905.8585><398.5685><Radial~571.301~-31.61978~50~86.60254~0.6984041~0.6727905, SnowSource><1715.651><204.7625><Radial~571.301~-31.61978~50~86.60254~0.6984041~0.6727905, SnowSource><912.4146><23.34061><Radial~271.0656~28.14272~50~86.60254~0.5050732~0.6727905, SnowSource><1315.812><894.17><Radial~271.0656~28.14272~50~86.60254~0.5050732~0.6727905, SnowSource><869.0156><1020.098><Radial~571.301~-31.61978~50~86.60254~0.520539~0.6727905, SnowSource><1765.453><1064.92><Radial~571.301~-31.61978~50~86.60254~0.520539~0.6727905, SnowSource><812.0988><1896.773><Radial~571.301~-31.61978~50~86.60254~0.520539~0.6727905, SnowSource><1801.026><1952.267><Radial~571.301~-31.61978~50~86.60254~0.520539~0.6727905, SnowSource><1311.542><1975.034><Radial~271.0656~28.14272~6.601074~-101.9339~0.5050732~0.6727905, SnowSource><1317.234><1496.222><Radial~271.0656~28.14272~50~86.60254~0.427741~0.3711939, LightSource><1318.243><1984.742><0.6056041~Environment~391.3021~36.68018~50~86.60254~1~1~None~0~0, LightBeam><1339.488><1979.919><-253.9906~181.5803~54.22919~173.7542~215.7302~2.134399~-231.2239~129.4854~0.4~0~0~1~None~0~0, LightSource><730.9927><1891.793><0.2962746~Environment~711.4584~-134.7813~50~86.60254~1~1~None~0~0, LightSource><1898.496><1908.157><0.2962746~Environment~711.4584~-134.7813~50~86.60254~1~1~None~0~0, 
AmbientSounds: SPOT><SO_SFX-Data4.ogg><701.3182><4.181473><0.252537><1><1319.82><439.3763><-35.35534><-35.35534><0><0.1463988, SPOT><SO_SFX-Data4.ogg><529.8458><2.384148><0.2525359><1><1304.869><731.3301><-35.35534><-35.35534><0><0.1463995, SPOT><AM_IND-ElectricHum01.ogg><354.1992><3.348289><0.2834692><1><790.0888><489.7681><-35.35534><-35.35534><0><0.1, SPOT><SO_SFX-Data3.ogg><182.8918><6.718964><0.2370692><1><633.0106><150.9273><-35.35534><-35.35534><0><0.0381337, SPOT><SO_SFX-Data4.ogg><9.385864><10.12666><0.2757356><1><630.9661><870.778><-35.35534><-35.35534><0><0.03813437, SPOT><AM_WIN-StrongWnd2.ogg><11.13651><153.8396><0.5077329><1><138.2531><258.2063><264.8801><-37.48975><0><0.2314652, SPOT><AM_WIN-StrongWnd2.ogg><181.9256><157.093><0.5><1><79.95273><874.7368><301.1645><-42.46991><0><0.2314659, SPOT><AM_WIN-StrongWnd2.ogg><363.5102><153.2418><0.5><1><122.0913><1403.061><279.1092><-58.83344><0><0.2314659, SPOT><AM_WIN-StrongWnd2.ogg><530.723><154.4587><0.6237322><1><238.0792><2103.088><294.0499><-145.6314><0><0.1850659, SPOT><AM_IND-ElectricHum01.ogg><713.2184><148.2168><0.360802><1><1860.508><485.2303><-35.35534><-35.35534><0><0.08453435, SPOT><SO_SFX-Data1.ogg><885.7114><148.9832><0.2680027><1><2013.385><875.8801><-35.35534><-35.35534><0><0.03040081, SPOT><SO_SFX-Data1.ogg><187.4052><269.2407><0.337602><1><1435.548><1860.006><-58.83356><-46.02722><0><0.1, SPOT><SO_SFX-Data1.ogg><14.98439><273.0068><0.3298686><1><1439.569><1611.916><-48.87299><-57.41055><0><0.1, SPOT><AM_WIN-StrongWnd2.ogg><363.5497><263.3322><0.5695987><1><2557.7><265.2489><-228.8719><-175.5126><0><0.2546652, SPOT><AM_WIN-StrongWnd2.ogg><536.0537><260.4751><0.5618671><1><2598.584><924.0481><-257.3304><-145.6314><0><0.2623987, SPOT><AM_WIN-StrongWnd2.ogg><711.6948><258.4018><0.662398><1><2587.823><1903.238><-289.346><-130.6908><0><0.2237317, SPOT><AM_WIN-StrongWnd2.ogg><882.7374><258.9943><0.7242644><1><2216.023><2071.023><-107.9241><-54.56476><0><0.1231995, 
FadePalette: 2, 0.3634624, 0.3634629, 0.3634629, 0.3557303, 0.3557288, 0.3557288, 0.3479966, 0.3479956, 0.3402634
WetTerrain: OFF
BackgroundOffset: 0,-0.3284216
