RF_B01: 310,961,48,74
RF_S01: 540,1903,48,35
RF_D01: 262,1112,98,74
RF_H01: 641,1035,202,74
RF_D02: 416,1038,202,35
RF_C01: 310,1684,48,112
RF_B02: 844,1074,100,35
RF_A01: 930,1036,48,35
RF_A04: 918,1840,48,35
RF_F01: 542,1075,98,112
RF_A03: 540,1188,48,35
RF_C02: 965,1074,152,35
RF_C03: 387,1198,152,35
RF_E01: 1118,1719,48,190
RF_A05: 1071,1759,48,35
RF_A06: 1117,1909,48,35
RF_A07: 1117,1257,48,35
RF_B03: 1011,1909,100,35
RF_C04: 853,1909,152,35
RF_E02: 591,1909,256,35
RF_C05: 755,1842,152,35
RF_B04: 1117,1075,100,35
RF_A08: 1170,1122,48,35
RF_A09: 1170,1775,48,35
RF_S02: 1151,1054,48,35
RF_A10: 257,981,48,35
RF_A11: 363,985,50,36
RF_D03: 285,166,98,74
RF_A12: 338,1198,48,35
RF_B05: 416,1074,100,37
RF_F03: 262,1037,150,74
RF_S03: 594,1758,48,35
RF_C07: 213,1075,48,112
RF_D04: 59,1038,202,35
RF_S04: 58,1800,48,35
RF_D06: 807,1682,48,150
RF_B06: 421,985,100,35
RF_A16: 527,985,48,35
RF_C10: 387,194,152,37
RF_F04: 542,194,308,35
RF_F05: 345,1237,150,74
RF_C11: 295,1277,48,112
RF_B08: 181,205,100,35
RF_S06: 153,205,48,35
RF_C13: 365,404,152,35
RF_A19: 521,403,48,35
RF_E04: 86,1238,256,35
RF_C14: 86,1118,48,112
RF_F06: 1077,813,98,112
RF_I01: 906,884,150,112
RF_A20: 854,183,48,35
RF_S07: 881,923,48,35
RF_B09: 1067,962,100,35
RF_B10: 972,845,100,39
RF_D07: 1179,813,202,35
RF_D08: 964,730,98,112
RF_SAINTI01: 806,1238,150,112
GATE_AR_RF: 95,923,48,35
GATE_RF_GH: 295,1395,50,35
GATE_RF_MS: 1379,853,48,35
GATE_RF_GW: 1479,1140,48,35
RF_C06GW: 1326,1140,152,35
RF_F02: 1225,1046,98,112
RF_C08: 59,1080,152,35
