Template: NONE
DangerType: None
Grime: 0
RandomItemDensity: 0.6005319
RandomItemSpearChance: 0.308265
Palette: 75
EffectColorA: 18
EffectColorB: 9
Effects: ZeroG-0.6031929-20-20, SunBlock-1-16.4823-76.95625, SuperStructureProjector-0.2034761-18.61665-132.45, ProjectedScanLines-0.5050725-274.0302-123.201, FairyParticles-0.06959899-278.299-64.86146, 
PlacedObjects: LightFixture><200.8679><188.9816><RedLight~17.32051~-10~28, LightSource><745.4304><564.6583><0.2034766~EffectColor1~-63.31989~-43.00311~-292.9229~-54.97766~0~1~None~0~0, LightSource><906.0552><564.9146><0.203476~EffectColor1~-63.31989~-43.00311~-716.2406~-56.40051~0~1~None~0~0, LightSource><1007.082><290.2917><0.2034766~EffectColor1~-63.31989~-43.00311~-292.9229~-54.97766~0~1~None~0~0, LightSource><795.0677><289.5802><0.2034766~EffectColor1~-63.31989~-43.00311~-292.9229~-54.97766~0~1~None~0~0, LightSource><565.2667><290.2917><0.2034766~EffectColor1~-63.31989~-43.00311~-292.9229~-54.97766~0~1~None~0~0, LightSource><334.0427><288.1573><0.2034766~EffectColor1~-63.31989~-43.00311~-292.9229~-54.97766~0~1~None~0~0, LightSource><561.7095><291.7146><0.404541~EffectColor1~291.6981~3.953094~-292.9229~-54.97766~0~0~None~0~0, LightFixture><357.5209><572.0292><RedLight~17.32051~-10~45, LightSource><1012.063><288.8687><0.404541~EffectColor1~291.6981~3.953094~-292.9229~-54.97766~0~0~None~0~0, LightSource><1508.623><378.5125><0.4122732~Environment~680.8657~17.47083~-349.1281~110.7922~0~0~None~0.2010644~0, CoralNeuron><1774.089><584.4709><67.58838~-59.36664, WallMycelia><1970.637><557.3766><0~100, SSLightRod><2102.554><669.573><-45.99927~-203.5167~0.1082644~135~150.5264~0.1082644, DeepProcessing><1261.421><123.7309><-1.525879E-05~496.7562~485.373~496.7562~486.7958~0.7114258~85.375~32.72708~0.7965234~1~0.2525366, LightBeam><2065.775><-4.207443><-284.5835~646.1625~-238.8917~671.775~365.1365~290.275~0~0~0.4~0~0~1~None~0~0, ProjectedStars><1393.474><484.4518><2.134338~90.7511, WallMycelia><1252.498><132.3479><0~100, WallMycelia><1761.902><152.2688><0~100, WallMycelia><1763.325><641.0406><0~100, WallMycelia><1258.901><637.4833><0~100, ProjectedStars><1566.962><305.9437><21.34375~141.9761, LightFixture><2385.14><360.0146><RedLight~52.89349~157.1927~28, LightFixture><1929.806><71.16254><RedLight~-191.848~62.5687~28, FairyParticleSettings><1332.95><117.1072><-122.3511~170.8727~1~1~2.93327~0.0850651~6.228744~9.108754~44.53311~326.9315~9.067039~95.21021~5~190.1779~0~360~0.3530681~0.3829376~0.4664064~0.4432068~0.1365373~0.1648099~0.7242644~1~5.156791~AncientGlyph~SIN_IO~SIN_IO~67.62682~0.3144027~0, LightSource><819.2573><567.049><0.404541~EffectColor1~291.6981~3.953094~-292.9229~-54.97766~0~0~None~0~0, 
AmbientSounds: OMNI><AM_IND-SuperStructure.ogg><761.0363><489.763><0.3066671><0.7076837, SPOT><AM_SFX-RandomGods.ogg><1212.286><381.5204><0.07733022><0.4479955><1509.214><570.7048><-161.9949><-339.8595><0.6031932><0.6026611, SPOT><AM_ENV-WallHum.ogg><1129.944><562.0448><0.3066685><1><2012.404><377.7135><-115.7502><-225.3147><0><0.2546625, SPOT><AM_IND-ElectricHum01.ogg><484.5765><298.2504><0.2525356><1.250556><580.2005><289.6495><-35.35534><-35.35534><0><0.1077337, SPOT><AM_IND-ElectricHum02.ogg><723.6285><276.552><0.2525363><1.250558><798.6201><287.1604><-35.35534><-35.35534><0><0.1077343, SPOT><AM_IND-ElectricHum03.ogg><974.6832><286.9628><0.2525356><1.250558><1013.391><286.8992><-35.35534><-35.35534><0><0.1000008, SPOT><AM_IND-ElectricHum01.ogg><84.5015><277.6365><0.2525363><1.250557><331.6661><292.5135><-31.08658><-36.77826><0><0.1077332, 
FadePalette: 39, 0.8042571, 0.8042575
WetTerrain: OFF
