Template: NONE
DangerType: Blizzard
WaveSpeed: 0.5752269
WaveLength: 0.9623865
WaveAmplitude: 0.004189431
SecondWaveLength: 0.1666667
SecondWaveAmplitude: 0
Clouds: 0.3043478
Grime: 0
Palette: 455
EffectColorA: 10
EffectColorB: 21
Effects: Fog-0.8043478-20-20, Flies-0.1086956-278-21, Coldness-0.1521739-21-85, FairyParticles-0.04347826-283-82, 
PlacedObjects: CustomDecal><1183.457><168.1195><3.193756~371.8~622.8375~430.28~706.8899~-37.08~-1518~-475~0~1~0~GreyBones~0.1521739~1~0.1521739~1~0.1521739~1~0.1521739~1, CustomDecal><100.7><-44.74634><-13~401~1248.011~480.72~1068~0~-501~-286~0~1~0~GreyBones~0.1521739~1~0.1521739~1~0.1521739~1~0.1521739~1, CustomDecal><104.618><-45.34985><22~317~201~336~221~21~-444~-288~0.6195652~1~0~PR~0.5652174~0.6086956~0.1086956~0.6086956~0.3043478~0.6086956~0.5~0.6086956, LightSource><668.8181><-86.6665><0.01374751~White~-1190~644~-772.2159~40.16196~0~1~None~0~0, LocalBlizzard><671.3301><82.0629><258.4758~219.4401~111~-118.3975~0.1195652~1~0.75, SnowSource><678.4325><-53.56174><Radial~-7~555~50~86.60254~0.3586957~1, LightSource><679.2711><105.2915><0.08695652~White~161.9766~347.68~-364.0726~318.1225~1~0~Fade~0.9565217~0, LightFixture><1606.703><392.6945><HolyFire~-467.6795~-73~0, LanternOnStick><1606.691><392.1897><-66~-207, CustomDecal><1573.128><206.5352><-1~166~210~126~188~-24~-384.4124~-572.28~0.2231488~1~0~scavwind~0.4548064~0~0.4548064~0~0.4548064~0~0.4548064~0, FairyParticleSettings><161.5848><130.3872><482~188.6602~1~2.717391~9.782609~0.5543478~1.128429~6.713982~59.78261~375~108.6956~293.4782~0~0~50.86956~140.8696~0~0~0~0~1~1~0.2826087~0~4.521739~Dandelion~SIN_IO~SIN_IO~78.26087~0.08695652~0, RippleSpawnEgg><912.61><185.0033><, RippleSpawnEgg><431.1971><176.364><, RippleEggFilter><703.7899><186.5086><-387.7448~-7.317078~0~0~0.3093295, 
AmbientSounds: OMNI><AM_ENV-LightWind.ogg><292.0704><13.31281><0.1521739><1, OMNI><AM_ENV-Outside.ogg><109.3492><12.13144><0.2065217><1, SPOT><RWTW_AR_WindyCliff.ogg><718.8021><312.2211><0.1521739><0.7065217><671.8021><-14.77887><25.64465><352.6447><0><0.404348, OMNI><RWTW_AR_CityWithNoBuildings.ogg><539.5275><49.52003><0.2214037><1, 
FadePalette: 24, 0.5024052, 0.5024052
