Template: NONE
DangerType: Blizzard
WaveSpeed: 0.7698641
WaveLength: 0.865068
WaveAmplitude: 1.084088E-07
SecondWaveLength: 0.1666667
SecondWaveAmplitude: 0
Clouds: 0.1521739
Grime: 0
Palette: 455
EffectColorA: 10
EffectColorB: 13
TerrainLight: 1
TerrainStainAmount: 1
TerrainStainBrightness: 1
TerrainStainHeight: 0.2414511
TerrainWaves: 1
TerrainEdgeRadius: 22.85369
TerrainGrain: 0
TerrainDepth: 2.492629
TerrainSkyFade: 0
TerrainPalette: ridgesnow
Effects: Fog-0.8043478-20-20, Coldness-0.25-22-79, FairyParticles-0.02958347-287-25, 
PlacedObjects: CustomDecal><160.1248><-32.84375><-34.06329~641.68~751.929~771.88~796~0~-575~-287~0~1~0~GreyBones~0.1521739~1~0.1521739~1~0.1521739~1~0.1521739~1, CustomDecal><145.1083><1084.832><191~409~794~401~720~-362~-521~-1404~0~1~0~GreyBones~0.1521739~1~0.1521739~1~0.1521739~1~0.1521739~1, CustomDecal><149.1931><1061.808><-2~56~268~48~287~1~-464~-43~0~1~0~Scav Wedges2~0.05434782~0.2065217~0.2065217~0.2065217~0.6630435~0.2065217~0.25~0.2065217, CustomDecal><263.3689><82.79833><4.96109~136.9705~200.6345~137.7346~222.0519~-1.278305~-219.9671~-348.033~0.3043478~1~0~whitetag2~0.300413~0~0.300413~0~0.300413~0~0.300413~0, ReliableSpear><455.3467><1095.128><, CustomDecal><185.4361><213.4398><-4~100~220~149~274~18~-128~-518~0.2281026~0.5329165~0~bonetype~0.3478261~0.6086956~0.3478261~0.6086956~0.3478261~0.6086956~0.3478261~0.6086956, CustomDecal><327.9312><303.3658><-15~125~276~140~276~20~-471.6179~-578.6675~0~0~0~awfullongb&w~1~0~0~0~0~0~0~0, CustomDecal><424.9413><1137.441><-1~146~317~147.92~323~1~-758~-237~0.5652174~1~1~sa91~1~0.3043478~1~0.3043478~0~0.3043478~1~0.3043478, LanternOnStick><665.4407><1150.559><-146~-156, LightFixture><665.3111><1151.839><HolyFire~184.3205~-12~74, SnowSource><411.5334><1008.947><Radial~184~173~-421.8664~-173.1975~0.5224696~1, LightSource><522.7635><271.4549><0.06521739~White~418.2344~91.91998~443~-382.3695~0~1~None~0~0, LightSource><664.9932><1149.708><0.07781053~EffectColor2~141.7264~103.44~169.0273~229.7225~1~1~None~0~0, FairyParticleSettings><108.3035><897.4632><290~110.6694~1~2.717391~9.782609~0.5543478~1.128429~6.713982~59.78261~375~108.6956~293.4782~0~0~50.86956~140.8696~0~0~0~0~1~1~0.2826087~0~4.521739~Dandelion~SIN_IO~SIN_IO~78.26087~0.08695652~0, DynamicWarpTarget><590.3591><221.4831><-759.8804~182.5204~2~false~false, LanternOnStick><313.2851><485.4926><130.4074~120.1164, CustomDecal><707.6993><144.5424><-0.5696411~131.132~111.197~131.132~111.1969~0~89.42322~150.9375~0.6336113~1~0~scavwind~1~0~1~0~1~0~1~0, TerrainHandle><610.19><3.800488><-8.103882~-13.6698~159.6108~-33.03537~20.56958, TerrainHandle><854.3124><38.96729><-90.1225~-9.113213~7.53418~-36.45283~30.25237, LanternOnStick><379.4999><496.3243><21.60565~122.8403, 
AmbientSounds: OMNI><AM_ENV-Outside.ogg><113.5311><13.19757><0.3043479><1, OMNI><AM_ENV-LightWind.ogg><402.7803><-4.281193><0.1847826><1, SPOT><SO_IND-MechHum02.ogg><488.0106><609.9497><0.2065217><1><706.0106><1248.95><-35.35534><-35.35534><0><0.1, SPOT><SO_IND-MechHum01.ogg><522.8743><349.5944><0.4456522><1.156522><861.8743><1136.594><-35.35534><-35.35534><0><0.08913057, SPOT><SO_IND-MechHum02.ogg><755.686><368.4815><0.4566624><1><774.9596><704.8705><-63.83411><-59.27753><0><0.1557193, OMNI><RWTW_AR_CityWithNoBuildings.ogg><131.1497><125.4885><0.2214037><1, 
FadePalette: 24, 0.4038355, 0.5024052
