Template: NONE
DangerType: Blizzard
WaveSpeed: 0.6942977
WaveLength: 0.9028511
WaveAmplitude: 4.296453E-07
SecondWaveLength: 0.1666667
SecondWaveAmplitude: 0
Clouds: 0.8804348
Grime: 0
Palette: 81
EffectColorA: 10
EffectColorB: 9
Effects: Fog-1-20-20, FairyParticles-1-283-47, Coldness-1-18-102, Ripple Settings-0-706-356-White-WTDB-wtdb_a04-0-2.2.1-333-1, 
PlacedObjects: CustomDecal><1681.185><1140.673><-1~79~79~78~81~0~-1080~-62~0~1~0~scavmark cross~1~0~1~0~1~0~1~0, CustomDecal><890.8933><19.91932><24~1196~1138~1291~1142~-15~-314~-259~0~1~0~greybones~0.4021739~1~0.4021739~1~0.4021739~1~0.4021739~1, LightSource><1649.792><597.0553><0.25~White~1356~-794~243~-417.3975~0~1~None~0~0, LocalBlizzard><1513.434><484.1722><1345~-793~-528~-486.3975~0.1086956~1~0.5434783, FairyParticleSettings><827.6711><233.6465><-512~-331.3398~1~2.717391~9.782609~0.5543478~1.128429~6.713982~59.78261~375~108.6956~293.4782~0~0~50.86956~140.8696~0~0~0~0~1~1~0.2826087~0~4.521739~Dandelion~SIN_IO~SIN_IO~78.26087~0.08695652~0, CustomDecal><1421.303><1053.036><-2~49~61~47~65~-2~-827~90~0~1~0~bigscaryblueface~1~0~1~0~1~0~1~0, CustomDecal><1536.63><1112.152><4~53~81~49~83~-1~-943~4~0~1~0~bigscaryblueface~1~0~1~0~1~0~1~0, LightSource><2045.994><371.1999><0.2065217~White~-1267~384~-1158~-106.3975~0~1~None~0~0, SnowSource><1273.251><332.95><Radial~282~244~-13~-359.3975~0.4565217~1, SnowSource><1343.177><882.9363><Radial~-280~412~1~366.6025~1~1, SnowSource><760.5853><856.6174><Radial~1~47~-800~300.6025~0.6630435~0, SnowSource><1754.26><276.5503><Radial~-389~-225~50~86.60254~0.4021739~1, CustomDecal><1637.688><954.1821><1~55~238~54~327~-9~-816~-216~0~0.1847826~1~scav wedges~1~0.3043478~1~0.3043478~1~0.3043478~1~0.3043478, DangleFruit><1331.45><687.2534><540~-161~2~6, DangleFruit><1226.355><693.42><630~-235~4~8, CustomDecal><1103.199><143.5215><2~68~51~70~50~1~251~-7~0.1413043~0.2282609~0~owlface~1~0.1086956~0.8043478~0.1086956~0.8043478~0.1086956~1~0.1086956, WarpPoint><1664.141><1126.082><-586~-224~Watcher~Watcher~WTDB~wtdb_a04~290~410~~WatcherOnly~0~6~8~4~8~4~4~4~7~150~150~-1~0~0~false~false~true~true~false~0~-1~-1~-1~-1~-1~-1, CosmeticRipple><1319.649><1520.568><264~9~257~-236~1319.649~1520.568~348.9198~0.7391304~0.8804348~False~0.6304348~False~0.1304348~False~-1~0~False, CosmeticRipple><2055.405><1472.626><-429~-324~-324~-201~2055.405~1472.626~381.2834~0.5632981~0.310661~False~0.8913044~False~0.3913043~False~-1~0~False, CosmeticRipple><2025.05><919.7528><-122~181~-329~36~2025.05~919.7528~330.9637~0.7456201~0.3972632~False~0.6630435~False~0.3369565~False~-1~0~False, WindRect><824.1904><172.5611><-46~804~646~764~594~-8~0.0869565~Creatures, WindRect><1134.645><1043.862><8~151~1017~59~1014~-195~0.3478261~Creatures, 
AmbientSounds: OMNI><RWTW_AR_RearDen.ogg><308.3701><14.34799><0.06521739><1.9, OMNI><am_env-citytone.ogg><123.0629><15.31015><0.3586957><1.156522, OMNI><am_win_hilltop.ogg><145.6263><92.3428><0.3043478><1.9, SPOT><RWTW_AR_WindyCliff.ogg><39.65497><418.6264><0.2065217><1.254348><1179.655><1504.626><680.6447><-328.3553><0><0.3065219, SPOT><am_win-strongwnd2.ogg><38.3277><291.6843><0.25><1><1248.328><1513.684><723.6447><-383.3553><0><0.1000001, SPOT><RWTW_AR_WindyCliff.ogg><407.0139><157.5505><0.2065217><1.254348><1101.014><361.5505><408.6447><-11.35535><0><0.154348, 
FadePalette: 33, 0.3043478, 0.3043478, 0.3043478
