Template: NONE
DangerType: Blizzard
WaveSpeed: 0.7341158
WaveLength: 0.8829421
WaveAmplitude: 9.315748E-05
SecondWaveLength: 0.1666667
SecondWaveAmplitude: 0
Palette: 455
EffectColorA: 10
EffectColorB: 9
TerrainLight: 0.5
TerrainStainAmount: 0.3932787
TerrainStainBrightness: 0.7043046
TerrainStainHeight: 0.6933965
TerrainWaves: 0.3095517
TerrainEdgeRadius: 51.33269
TerrainGooHeight: 0.1642098
TerrainGrain: 0
TerrainDepth: 2.771228
TerrainSkyFade: 1
TerrainPalette: ridgesnow
Effects: Fog-1-20-20, FairyParticles-0.1052475-288.0176-37.40448, Coldness-0.3033606-314.5353-96.95753, Salt Flakes-0.1052477-36.89975-110.375, 
PlacedObjects: LanternOnStick><1795.513><171.7851><-93.41034~163.7924, LanternOnStick><1646.671><121.9863><-70.62732~-119.2865, FairyParticleSettings><-31.18365><10.30863><-438.6992~-344.4764~1~2.717391~9.782609~0.5543478~1.128429~6.713982~59.78261~375~108.6956~293.4782~0~0~50.86956~140.8696~0~0~0~0~1~1~0.2826087~0~4.521739~Dandelion~SIN_IO~SIN_IO~78.26087~0.08695652~0, TerrainHandle><1909.748><21.23641><-141.3843~-83.15799~40~0~67.84431, TerrainHandle><2157.74><94.09793><-40~0~50.8219~0~24.55656, TerrainHandle><2476.046><37.687><-54.23938~1.708733~237.0731~-1.139145~17.72169, TerrainHandle><1504.894><-12.39715><-35.44342~-11.39151~38.86084~-7.974056~47.90922, TerrainHandle><2303.895><89.66138><-59.36554~0.5695801~84.99646~-5.126175~32.53065, CustomDecal><833.1809><142.9139><10.25236~320.231~597.0447~382.8843~1181.429~-200.4905~135.559~-435.1555~0~1~0~greybones~0.2028304~1~0.2028304~1~0.2028304~1~0.2028304~1, CustomDecal><1923.484><5.214321><-22.21344~396.5541~1012.265~356.6838~1020.239~88.85374~211.3123~-302.4444~0~1~0~greybones~0.2523592~1~0.2523592~1~0.2523592~1~0.2523592~1, LocalBlizzard><2271.607><150.9942><6.8349~144.4269~588.8181~-229.5118~0.3561428~1~0.5014741, SnowSource><2202.841><99.07024><Radial~5.12619~132.4658~-16.07074~-146.3561~1~1, CustomDecal><967.6543><173.7316><83.72757~147.6497~469.4598~-7.274796~380.6061~-161.1898~112.2064~-451.1036~0.2228778~0.3747054~0~whitejunkarrows~0.5~0.2043046~0.5~0.2043046~0.5~0.2043046~0.5~0.2043046, DangleFruit><2431.645><238.4189><0~0~2~3, DangleFruit><2535.246><173.7941><0~0~2~3, DangleFruit><1124.446><348.2137><-465.9126~212.4515~2~3, DangleFruit><1057.319><285.3963><-403.2593~200.4905~2~3, RippleSpawnEgg><2081.174><159.4526><, RippleSpawnEgg><1429.158><407.8593><, RippleEggFilter><1824.116><253.7972><-482.0131~209.2683~0~0~0.3093302, 
AmbientSounds: OMNI><RWTW_AR_CityWithNoBuildings.ogg><89.21643><378.1135><0.2282609><1, OMNI><RWTW_AR_WindyCliff.ogg><81.286><275.3603><0.1086956><0.8043478, SPOT><AM_WIN-HowlingWnd.ogg><748.8984><581.4454><0.3080776><1><2248.81><143.1602><113.8734><107.6081><0><0.304304, SPOT><SO_IND-HVAC.ogg><745.1881><399.5613><0.4071344><1><2401.163><124.1745><-32.50745><-33.64661><0><0.1557199, SPOT><SO_IND-MechHum02.ogg><492.5612><588.0514><0.3514152><1><1293.474><307.4434><-62.1254><-66.11243><0><0.205248, 
FadePalette: 24, 0.6051307, 0.61855, 0.6252602
