Template: NONE
DangerType: Blizzard
WaveSpeed: 0.2813254
WaveLength: 0.8906627
WaveAmplitude: 4.737398E-10
SecondWaveLength: 0.1666667
SecondWaveAmplitude: 0
Clouds: 0.3043478
Grime: 0
Palette: 455
EffectColorA: 21
Effects: Fog-0.8043478-20-20, Flies-0.1086956-282-22, Coldness-0.1086956-23-79, FairyParticles-0.01086957-285-84, 
PlacedObjects: CustomDecal><215.569><241.1649><56~603~296~583~207~4~-598~-502.005~0~1~0~GreyBones~0.1521739~1~0.1521739~1~0.1521739~1~0.1521739~1, CustomDecal><97.94995><41.25534><72.83749~165.76~690~186~654~-15~-515~-303~0~1~0~GreyBones~0.2173913~1~0.2173913~1~0.2173913~1~0.2173913~1, CustomDecal><372.3466><1046.122><-25.11877~464.48~293~356~180~23~-683~-1308~0~1~0~GreyBones~0.2065217~1~0.2065217~1~0.2065217~1~0.2065217~1, CustomDecal><126.4568><845.0547><-77~153~681~361~732~-49~-472~-1106.823~0~1~0~GreyBones~0.2065217~1~0.2065217~1~0.2065217~1~0.2065217~1, CustomDecal><302.1102><869.3671><-10~152~226~174~278~4~-637~-1116.094~0.3152174~0.3695652~0~junkGraffitiKOGAD~1~0.1521739~1~0.05434782~0.4021739~0~1~0.1086956, ReliableSpear><533.4316><1328.584><, FairyParticleSettings><-0.7225952><267.6981><5~8.660254~1~2.717391~9.782609~0.5543478~1.128429~6.713982~59.78261~375~108.6956~293.4782~0~0~50.86956~140.8696~0~0~0~0~1~1~0.2826087~0~4.521739~Dandelion~SIN_IO~SIN_IO~78.26087~0.08695652~0,  
AmbientSounds: OMNI><AM_ENV-LightWind.ogg><309.079><9.396362><0.1521739><1, OMNI><AM_ENV-Outside.ogg><112.8798><2.909851><0.2282609><1, SPOT><SO_IND-HVAC.ogg><745.2233><561.4482><0.3043478><1><452.2233><445.4482><-29.35535><-38.35535><0><0.1217393, SPOT><SO_IND-Boiler.ogg><286.9198><334.3557><0.4021739><1><590.9198><1123.356><-43.35535><-50.35535><0><0.1217393, SPOT><RWTW_AR_WindyCliff.ogg><786.3504><173.173><0.06521739><1><394.3504><1545.173><2.644653><-113.3553><0><0.2086958, SPOT><RWTW_AR_CityWithNoBuildings.ogg><804.8353><491.9355><0.2275941><1><460.7198><143.1549><-606.0698><174.8179><0><0.3043047, 
Triggers: Spot<tA>event<tB>MusicEvent<eA>songName<eB>BM_RWTW_UNDISTURBED<eA>vol<eB>0.3<eA>prio<eB>0.5<eA>mxThrt<eB>1<eA>loop<eB>0<eA>droneTol<eB>0<eA>rooms<eB>-1<eA>rest<eB>5<eA>fadeIn<eB>32.6087<eA>oneSongPerCycle<eB>1<eA>stopAtDeath<eB>1<eA>stopAtGate<eB>0<tA>multiUse<tB>0<tA>toCycle<tB>-1<tA>fromCycle<tB>0<tA>delay<tB>102<tA>panPos<tB>78.32056<tB>417.5883<tA>fireChance<tB>1<tA>entrance<tB>0<tA>karma<tB>0<tA>slugcats<tB><tA>pos<tB>401.3931<tB>1253.142<tA>handlePos<tB>196.6447<tB>28.64465, 
FadePalette: 24, 0.4095345, 0.4028247
