Template: NONE
DangerType: Blizzard
RainIntensity: 0.6956522
WaveSpeed: 0.5269699
WaveLength: 0.986515
WaveAmplitude: 0.0001579503
SecondWaveLength: 0.1666667
SecondWaveAmplitude: 0
Grime: 0
Palette: 455
EffectColorA: 10
Effects: Fog-0.8043478-20-20, Coldness-0.2065217-22-83, FairyParticles-0.02173913-292-23, 
PlacedObjects: LightSource><465.3022><222.2198><1~Environment~0~100~450~-326.3975~1~0~None~0~0, CustomDecal><210.1016><177.6341><2~347~129~357~112~-4~-601~-520~0.3369565~0.4565217~0~OrangePink~0.5~0~0.5~0~0.5~0~0.5~0, CustomDecal><93.05072><-53.48294><108~687~798~587~820~-3~-504~-292~0~1~0~GreyBones~0.1521739~1~0.1521739~1~0.1521739~1~0.1521739~1, CustomDecal><586.3021><223.0569><-30~325~108~326~91~-14~-937~-570~0.3369565~0.4347826~0~AntMan~0.7608696~0.4673913~0.7608696~0.4673913~0.7608696~0.4673913~0.7608696~0.4673913, CustomDecal><346.0504><-49.73758><3~236~352~244~352~0~-587~-300~0.2065217~0.3804348~0~AwfulLongB&W~0.3695652~0.3913043~0.3695652~0.3913043~0.3695652~0.3913043~0.3695652~0.3913043, CustomDecal><481.2267><241.0514><-40~316~95~313~77~-57~-789~-586~0.3152174~0.3586957~1~CartoonCat~0~1~0~1~1~1~0~1, CustomDecal><330.4477><209.2804><1~323~123~293~113~-13~-709~-555~0.3913043~0.5~0~CactusMan~0.6413044~1~0.6413044~1~0.6413044~1~0.6413044~1, LightSource><274.5634><430.1779><1~EffectColor1~3~74~-378~2.602539~0~0~None~0~0, LightSource><275.9582><303.4456><0.25~EffectColor1~0~110~50~86.60254~0~0~None~0~0, CustomDecal><292.3><448.999><0~-37~-38~-37~-38~0~-485.9999~-794~0~1~0~UglyPup~1~0~1~0~0.2391304~0~0.2391304~0, LightSource><478.1449><252.6121><0.05434782~White~593~191~50~86.60254~1~1~None~0~0, FairyParticleSettings><181.1815><-33.66588><-375~-319.3397~1~2.717391~9.782609~0.5543478~1.128429~6.713982~59.78261~375~108.6956~293.4782~0~0~50.86956~140.8696~0~0~0~0~1~1~0.2826087~0~4.521739~Dandelion~SIN_IO~SIN_IO~78.26087~0.08695652~0, RippleSpawnEgg><332.2274><394.8728><, RippleSpawnEgg><571.1085><425.2942><, 
AmbientSounds: OMNI><AM_ENV-Outside.ogg><136.0566><9.949005><0.2065217><1, OMNI><AM_ENV-LightWind.ogg><321.9438><11.69196><0.1521739><1, SPOT><SO_IND-WeirdVent.ogg><9.644653><254.6381><0.25><1.48913><273.6447><430.6381><23.64465><-61.35535><0><0.1217393, SPOT><SO_IND-NoiseMech.ogg><741.33><535.6447><0.4021739><0.4913043><273.33><428.6447><-35.35534><-35.35534><0><0.2086958, OMNI><RWTW_AR_WindyCliff.ogg><742.4165><309.8892><0.08695652><0.8043478, OMNI><RWTW_AR_CityWithNoBuildings.ogg><534.5854><17.66388><0.2214037><1, 
FadePalette: 24, 0.5292446
