Template: NONE
DangerType: Blizzard
WaveSpeed: 0.4327404
WaveLength: 0.9663702
WaveAmplitude: 1.132301E-07
SecondWaveLength: 0.1666667
SecondWaveAmplitude: 0
Clouds: 0.3043478
Grime: 0
Palette: 455
Effects: Fog-0.8043478-20-20, Flies-0.1086956-278-21, Coldness-0.2065217-16-82, FairyParticles-0.01086957-272-87, 
PlacedObjects: CustomDecal><487.6938><10.95078><-252~372~69~572~482~201~-907~-353~0~1~0~GreyBones~0.2065217~1~0.2065217~1~0.2065217~1~0.2065217~1, LightSource><572.9285><282.6597><0.1086956~Environment~-552~207~332~-382.3975~1~0~None~0~0, LightSource><552.9097><260.6205><0.05434782~Environment~-54~299~160~-371.3975~0~1~None~0~0, LightSource><565.1908><257.8099><0.05434782~White~271~309~-108~-409.3975~0~1~None~0~0, FairyParticleSettings><-37.9487><170.5229><-65.05774~-488.579~1~2.717391~9.782609~0.5543478~1.128429~6.713982~59.78261~375~108.6956~293.4782~0~0~50.86956~140.8696~0~0~0~0~1~1~0.2826087~0~4.521739~Dandelion~SIN_IO~SIN_IO~78.26087~0.08695652~0, FirecrackerPlant><353.2701><302.7582><0~0~2~3, FirecrackerPlant><420.2914><224.2491><-677.225~-155.494~2~3, KarmaFlower><660.3231><207.4726><0~0~5~7,   
AmbientSounds: SPOT><AM_ENV-Outside.ogg><111.0801><11.85556><0.25><1><1151.08><242.8556><-516.3552><33.64465><0><0.2086955, SPOT><AM_ENV-LightWind.ogg><298.9012><12.88092><0.1847826><1><1150.901><242.8809><-515.3552><28.64465><0><0.2086958, OMNI><RWTW_AR_CityWithNoBuildings.ogg><498.9625><28.37451><0.2214037><1, 
FadePalette: 24, 0.4017578
