Template: NONE
DangerType: Blizzard
WaveSpeed: 0.6477757
WaveLength: 0.9261122
WaveAmplitude: 0.003793631
SecondWaveLength: 0.1666667
SecondWaveAmplitude: 0
Clouds: 0.2065217
Grime: 0.3073966
Palette: 81
EffectColorA: 10
EffectColorB: 9
TerrainLight: 0.407135
TerrainStainAmount: 0.5076652
TerrainStainBrightness: 1
TerrainStainHeight: 1
TerrainWaves: 0.5014741
TerrainEdgeRadius: 61.23816
TerrainGooHeight: 0.1208735
TerrainDepth: 2.42924
TerrainPalette: ridgesnow
Effects: Coldness-0.3043478-20-20, FairyParticles-0.3043478-20-84, Fog-1-327-19, Salt Flakes-0.1086956-276-85,
PlacedObjects: CustomDecal><1223.112><189.1446><4~200~173~207~235~25~-444~-493~0.2717391~1~0~scavman~1~0~1~0~1~0~1~0, FairyParticleSettings><973.3914><1096.141><702~-1446.336~1~2.717391~9.782609~0.5543478~1.128429~6.713982~59.78261~375~108.6956~293.4782~0~0~50.86956~140.8696~0~0~0~0~1~1~0.2826087~0~4.521739~Dandelion~SIN_IO~SIN_IO~78.26087~0.08695652~0, LightSource><693.5532><1206.536><0.06521739~White~1338~790~-1018~-548.3975~0~1~None~0~0, LightSource><1409.555><1237.456><0.2065217~White~-1367~810~491.0031~-483.4013~0~1~None~0~0, LightSource><503.6791><355.1609><0.08695652~White~-895~557~-13~-472.3975~0~1~None~0~0, LightSource><1103.44><259.0591><0.1086956~White~1037~347~318~-376.3975~0~1~None~0~0, CustomDecal><822.0637><734.0728><-3~813~1365~813~1083~19~-1092~-1049~0~1~0~greybones~0.1521739~1~0.1521739~1~0.1521739~1~0.1521739~1, CustomDecal><-173.9401><-29.06744><-8~809~1352~808~1355~2~-183~-287~0~1~0~greybones~0.1086956~1~0.1086956~1~0.1086956~1~0.1086956~1, CustomDecal><822.2031><-47.1944><-4~797~1007~812~1109~-25~-1131~-269~0~1~0~greybones~0.1086956~1~0.1086956~1~0.1086956~1~0.1086956~1, CustomDecal><12.05652><751.9493><0~814~1370~814~1366~-24~-408~-1071~0~1~0~greybones~0.1521739~1~0.1521739~1~0.1521739~1~0.1521739~1, CustomDecal><272.9797><51.83801><-53~262~385~309~399~28~-296.8044~-319.8124~0.1413043~1~0~whitetag4~0~0~1~0~0~1~1~0, CustomDecal><796.332><1189.641><4~111~123~116~116~4~-1000~-1508~0.25~1~0~windwarning~0.75~0~0.75~0~0.75~0~0.75~0, CustomDecal><1302.325><1139.848><-23~68~381~81~346~-8~-1465~-1452~0~0.01086957~0~scav wedges2~1~0~1~0~1~0~1~0, SnowSource><1701.95><966.2404><Radial~0~100~183.0853~-77.42426~1~0, SnowSource><1113.572><109.1595><Strip~-362~278~-80~-173.3975~1~1, SnowSource><1589.561><1149.315><Radial~-471~244~-503~115.7825~0.5~1, SnowSource><1059.809><1142.473><Radial~91~407~-649~60.60254~0.7065217~1, SnowSource><1268.55><64.2612><Radial~1~91~-307~-140.3975~1~0, SnowSource><1519.567><1434.92><Radial~-130~-282~-538~-272.3975~0.2608696~0.2065217, SnowSource><1308.352><605.615><Radial~24~-58~-307~-686.3975~0.5652174~1, DangleFruit><461.9923><1086.55><-832~102~2~3, DangleFruit><429.9361><1119.561><-775~166~2~3, ReliableSpear><543.0502><770.5093><, ReliableSpear><664.55><110.497><, TerrainHandle><1339.319><97.38232><-40~0~148.7889~-20.50471~54.17451, TerrainHandle><104.5238><198.4739><-123.158~7.97406~178.9764~-39.87029~87.2099, TerrainHandle><984.5688><42.30566><-40~0~40~0~76.95753, TerrainHandle><440.0439><39.61983><-40~0~40~0~87.77945, 
AmbientSounds: OMNI><RWTW_AR_WindyCliff.ogg><197.62><33.34799><0.1086956><0.8043478, OMNI><RWTW_AR_CityWithNoBuildings.ogg><388.3911><34.8917><0.2282609><1, SPOT><RWTW_AR_Pumps.ogg><886.405><551.074><0.3043478><0.4521739><1830.405><1229.074><-35.35534><-35.35534><0><0.252174, SPOT><RWTW_AR_Heater.ogg><636.4314><519.9157><0.1304348><0.6282609><300.4314><539.9157><-35.35534><-35.35534><0><0.1869567, SPOT><RWTW_AR_Heater.ogg><619.6324><362.1499><0.1413043><0.4521739><92.63239><322.1499><-71.35535><-45.35535><0><0.1652175, 
FadePalette: 33, 0.6086956, 0.6086956, 0.6086956, 0.6086956
