Template: NONE
WaveSpeed: 0.5790943
WaveLength: 0.9604529
WaveAmplitude: 2.779788E-18
SecondWaveLength: 0.1666667
SecondWaveAmplitude: 0
Clouds: 0.3043478
Grime: 0
RandomItemDensity: 0.4021739
RandomItemSpearChance: 0
Palette: 455
Effects: Fog-0.8043478-20-20, Flies-0.1521739-282-18, 
PlacedObjects: LightSource><396.4367><232.8103><0.3043478~Environment~-40~241~-620~386.6025~1~0~None~0~0, ReliableSpear><729.1><125.8677><, ReliableSpear><632.8848><145.1635><, CustomDecal><171.3564><65.58063><39~299~590~292~623~2~-591~-343~0~1~1~GreyBones~0.2065217~1~0.2065217~1~0.2065217~1~0.2065217~1, ReliableSpear><248.8686><122.6611><, CustomDecal><339.8672><262.5319><0~93~184.0865~97.32114~179~2~-634~-359~0.2826087~0.4456522~0~sa91~1~0.2065217~1~0.2065217~1~0.2065217~1~0.2065217, CustomDecal><273.5554><233.4537><0~134~329~141~336~0~-322~157~0.2717391~0.8804348~0~cityscape~1~0~1~0~1~0~1~0, BlueToken><476.9719><405.2925><-26.54419~44.44263~-635.2067~-303.7139~1~BlizzardLizard~~0~0~0~0~0~0~0~0~0, 
AmbientSounds: OMNI><AM_ENV-SubTerr.ogg><122.561><21.80954><0.2065217><1, OMNI><SO_NAT-Fire.ogg><493.1263><27.09286><0.1086956><1, OMNI><SO_SFX-Morse.ogg><308.0712><24.66037><0.04347826><1.9, SPOT><SO_IND-MechHum01.ogg><107.3776><275.8459><0.2835493><1><356.3776><151.8459><-35.35534><-35.35534><0><0.1, SPOT><SO_IND-MechHum02.ogg><739.2268><567.0513><0.3036784><0.8434783><617.2268><270.0513><-35.35534><-35.35534><0><0.154348, SPOT><AM_WIN_Hilltop.ogg><788.5855><460.8637><0.2391304><1.9><-19.41449><169.8637><-97.35535><-55.35535><0><0.1, 
FadePalette: 14, 0.4084677, 0.8043478
