Template: NONE
DangerType: Blizzard
WaveSpeed: 0.5810327
WaveLength: 0.9594836
WaveAmplitude: 0.004839073
SecondWaveLength: 0.1666667
SecondWaveAmplitude: 0
Clouds: 0.4021739
Grime: 0
Palette: 455
EffectColorA: 10
EffectColorB: 9
Effects: Coldness-0.4021739-20-20, Fog-1-17-79, FairyParticles-0.4021739-290-23, 
PlacedObjects: CustomDecal><179.8016><697.4748><-186~762~1277~677~1230~-46~-411~-1043~0~1~0~greybones~0.1521739~1~0.1521739~1~0.1521739~1~0.1521739~1, CustomDecal><986.0417><-26.69562><1~814~1368~821~1364~-19~-572~-278~0~1~0~greybones~0.2065217~1~0.2065217~1~0.05434782~1~0.2065217~1, CustomDecal><818.8004><693.4874><143~710~1354~815~1352~-25~-1068~-1054~0~1~0~greybones~0.1956522~1~0.1956522~1~0.1956522~1~0.1956522~1, CustomDecal><108.1488><105.6337><135~727~1163~816~1253~-125~-352~-391~0~1~0~greybones~0.1847826~1~0.1847826~1~0.1847826~1~0.1847826~1, SnowSource><2001.436><1154.675><Radial~-478~24~-381~174.6025~1~0, SnowSource><1709.215><447.0532><Radial~-283~73~180~-534.3975~0.6086956~1, SnowSource><2078.423><578.3496><Radial~-299~-43~-146~-669.3975~1~0.3043478, LocalBlizzard><2152.054><853.291><-978~9~50~86.60254~0.3043478~1~0.5, LanternOnStick><1194.942><506.4435><-94~-208, SnowSource><1198.412><468.1798><Radial~76~158~50~86.60254~0.5108696~1, SnowSource><468.3619><1115.084><Radial~-60~37~-892~-7.397522~1~1, LightFixture><1194.303><506.713><HolyFire~110.3205~75~60, HangingPearls><479.1633><1330.115><, LocalBlizzard><496.1915><1105.693><392~127~-884~-139.3975~0.4021739~1~0.5, LightSource><2056.803><1164.786><0.3043478~White~-982~-166~-117~-204.3975~0~1~None~0~0, LightSource><2180.539><126.5538><0.1086956~White~-1166~42~-255~-203.3975~0~1~None~0~0, LightSource><2078.369><1132.599><0.05434782~White~-598~-34~-76~177.6025~0~1~Fade~0.9021739~0, LightSource><509.4694><1076.448><0.06521739~White~538~177~-895~146.6025~0~1~None~0~0, FairyParticleSettings><1011.836><162.886><-207~-508.3397~1~2.717391~9.782609~0.5543478~1.128429~6.713982~59.78261~375~108.6956~293.4782~0~0~50.86956~140.8696~0~0~0~0~1~1~0.2826087~0~4.521739~Dandelion~SIN_IO~SIN_IO~78.26087~0.08695652~0, CustomDecal><1196.378><243.0962><-6~219~216~224~204~3~-117~-547~0~0~0~crudebubblyb&w~0.3043478~0.25~0.3043478~0.25~0.3043478~0.25~0.3043478~0.25, CustomDecal><1444.415><401.6805><12~210~242~214~253~11~-376~-599.3125~0~1~0~gentleaspect~1~0~1~0~1~0~1~0, CustomDecal><1221.345><170.3734><5~82~178~73~173~-8~-30~-479~0~0~0~scav wedges2~1~0~1~0~1~0~1~0, CustomDecal><1888.351><168.4229><-17~258~313~466~331~170~-764~-153~0~0~0~bonetype~0.3369565~0~0.423913~0~0~1~0~1, DeathFallFocus><1319.907><276.9271><, CustomDecal><170.8008><1207.769><4~191~395~218~365~17~-267.7821~-342.9019~0~0~0~blackrust1~1~1~1~1~1~1~1~1, LocalBlizzard><2163.164><745.6353><-1085~758~-279~117.6025~0.4021739~1~0.5, DangleFruit><684.4422><1181.555><-376~-52~2~3, CustomDecal><1687.809><927.1611><-164~8~-154~434~15~491~-484~59~0~0.1086956~0~scavman~0.5760869~1~0.5760869~1~0.5760869~1~0.5760869~1,   
AmbientSounds: OMNI><RWTW_AR_WindyCliff.ogg><159.277><20.55182><0.05434767><0.8043478, OMNI><RWTW_AR_CityWithNoBuildings.ogg><372.0521><28.52869><0.2282608><1, SPOT><RWTW_AR_Heater.ogg><780.0597><49.44089><0.2065217><0.3543478><1682.06><118.4409><-43.35535><-37.35535><0><0.1652175, SPOT><RWTW_AR_Heater.ogg><733.8974><397.5783><0.2065217><0.3543478><802.8974><1102.578><-46.35535><-43.35535><0><0.1652175, 
FadePalette: 24, 0.3000433, 0.3067531, 0.2954674, 0.3067529
WetTerrain: OFF
