Template: NONE
RainIntensity: 1
RumbleIntensity: 1
WaveSpeed: 0.2287004
WaveLength: 0.8643502
WaveAmplitude: 1.431192E-07
SecondWaveLength: 0.1666667
SecondWaveAmplitude: 0
Clouds: 0.3043478
Grime: 0
RandomItemSpearChance: 0.1021738
Palette: 455
EffectColorA: 9
EffectColorB: 10
Effects: Fog-0.8043478-20-20, Salt Flakes-0.7065217-282-21, 
PlacedObjects: ReliableSpear><740.3441><848.3748><, LightSource><250.4208><1228.896><0.1521739~Environment~1202~-326~654~268.6025~1~0~None~0~0, LightSource><-204.7032><1521.306><0.4021739~White~999~-5~-244~-211.3975~0~1~None~0~0, LightSource><-200.5793><801.8544><0.3043478~White~1016~0~-249~435.6025~1~1~None~0~0, LightSource><-202.439><167.4344><0.2065217~White~1004~3~-2~384.6025~1~1~None~0~0, LightSource><207.0519><484.4724><0.1086956~Environment~873~-226~-413~141.6025~1~0~None~0~0, CustomDecal><63.1665><28.68173><7~762~840~765~799~-1~-415~-293~0~1~0~GreyBones~0.1521739~1~0.1521739~1~0.1521739~1~0.1521739~1, CustomDecal><6.621643><798.1588><74~758~918~765~935~-2~-451~-299~0~1~0~GreyBones~0.2065217~1~0.2065217~1~0.2065217~1~0.2065217~1, CustomDecal><498.4762><1300.699><0~55~179~62~184~1~-942~-802~0.01086957~0.5~0~BlueWhiteJunk~0.3586957~1~0.25~0~0.3586957~1~0.4565217~1, CustomDecal><269.1182><792.0886><3~54~212~46~216~24~649~-297~0~0.3369565~0~Scav Wedges2~0.6086956~0~0.6086956~0~0.6086956~0~0.6086956~0, CustomDecal><26.94006><491.9377><6~96~155~117~190~20~-447~-756~0.4187934~1~0~ScavMark Stonehead~1~1~1~1~1~1~1~1, DangleFruit><607.4481><1069.222><20~109~2~3, DangleFruit><703.3123><964.902><0~0~2~3, CustomDecal><168.3344><1332.112><-2~263~795~268~719~5~707~-516~0~1~0~GreyBones~0.1521739~1~0.1521739~1~0.1521739~1~0.1521739~1, CustomDecal><448.5586><21.80795><15~759~444~769~416~0~-829~-291~0~0.2282609~0~GreyBones~0.4021739~1~0.4021739~1~0.4021739~1~0.4021739~1, ReliableSpear><587.6763><1368.344><, LocalBlizzard><-16.87476><1326.594><467~57~-130~-146.3975~0.08695652~1~0.5, LocalBlizzard><-122.9195><749.5658><1199~-356~50~86.60254~0.05434782~1~0.5, WindRect><248.1406><1337.333><25~93~376~102~176~5~0.1956521~Creatures, WindRect><-44.80438><795.3075><-1~678~320~640~150~-3~0.3043479~Creatures, WindRect><107.6047><812.0796><180~100~665~395~688~174~0.1521739~Creatures, WindRect><133.1373><64.16523><26~440~464~343~209~135~0.1304348~Creatures,   
AmbientSounds: OMNI><AM_WIN_Hilltop.ogg><99.349><4.326233><0.1521739><1.9, SPOT><AM_ENV-CityTone.ogg><379.5901><395.5715><0.2065217><1><456.4452><1560.487><-5.355347><-564.3553><0><0.3065219, SPOT><AM_WIN-HowlingWnd.ogg><14.11664><398.1625><0.2065217><1.9><-200.8834><1551.162><448.6447><-247.3553><0><0.1760869, SPOT><AM_ENV-LightWind.ogg><12.16772><274.1411><0.2065217><1><503.3178><29.58375><329.6447><181.6447><0><0.3065217, SPOT><AM_ENV-Outside.ogg><189.95><277.2513><0.1086958><1><504.0121><28.4185><329.6447><189.6447><0><0.3065219, SPOT><AM_WIN_Hilltop.ogg><563.4373><392.4399><0.2065217><1.9><457.4373><1566.44><10.64465><-570.3553><0><0.3065219, SPOT><AM_WIN-MedWind.ogg><199.5602><398.187><0.3043478><1><-200.4398><1551.187><475.6447><-194.3553><0><0.1760871, OMNI><AM_ENV-LightWind.ogg><279.0684><6.83374><0.08695652><1, 
FadePalette: 14, 0.4021739, 0.4021739
