Template: NONE
DangerType: Blizzard
WaveSpeed: 0.4261481
WaveLength: 0.963074
WaveAmplitude: 1.290725E-10
SecondWaveLength: 0.1666667
SecondWaveAmplitude: 0
Clouds: 0.2065217
Grime: 1
Palette: 455
EffectColorA: 10
EffectColorB: 2
Effects: FairyParticles-1-20-20, Fog-1-14-90, Coldness-0.5-295-30, Ripple Settings-0-1040.396-68.4427-Watcher-WSKD-wskd_b12-0-1.2-457-1, 
PlacedObjects: FairyParticleSettings><1025.694><102.2013><-242.5875~-460.7798~1~2.717391~9.782609~0.5543478~1.128429~6.713982~59.78261~375~108.6956~293.4782~0~0~50.86956~140.8696~0~0~0~0~1~1~0.2826087~0~4.521739~Dandelion~SIN_IO~SIN_IO~78.26087~0.08695652~0, LightSource><1515.549><343.1734><0.2054092~White~1227.06~736.4~50~86.60254~0~1~None~0~0, LightSource><385.8812><452.0891><0.2065217~White~-1043~687~106~-582.3975~0~1~None~0~0, LocalBlizzard><1086.844><449.3755><2068~668~-179~-502.3975~0.2065217~1~0.5, CustomDecal><817.9288><-41.81311><-13~785~1358~788~1363~-13~-1131~-281~0~1~0~greybones~0.2065217~1~0.2065217~1~0.2065217~1~0.2065217~1, CustomDecal><-179.1654><-71.1124><-4~804~1359~806~1361~-2~-170~-284~0~1~0~greybones~0.2065217~1~0.2065217~1~0.2065217~1~0.2065217~1, CustomDecal><177.0424><353.341><3~165~180~170~173~3~-330~-677~0~1~0~sadladybee~1~0~1~0~0~0~0~0, CustomDecal><-189.1487><101.6337><24~724~1370~769~1374~-53~108~-427~0.4782609~1~0~orangecat~0.3043478~1~0.3043478~1~0.3043478~1~0.3043478~1, CustomDecal><754.8109><166.435><-3~166~204~165~193~3~-1046~-494~0.5108696~1~0~monkeyface~0.4021739~0.1086956~0.4021739~0.1086956~0.4021739~0.1086956~0.4021739~0.1086956, CustomDecal><118.0508><314.7324><8~212~384~252~378~30~-458~-641~0.6195652~0.7282609~0~oki~0.5434783~0.5~0.5434783~0.5~0.5434783~0.5~0.5434783~0.5, CustomDecal><9.596008><39.07454><1~232~261~226~264~20~-258~-366~0~1~0~gentleaspect~0.8043478~0~0.8043478~0~0.8043478~0~0.8043478~0, CustomDecal><854.3><-24.75098><-16~287~426~378~443~30~738~12~0.3152174~0.4782609~0~brainghosts~0.4673913~1~0.4673913~1~0.4673913~1~0.4673913~1, CustomDecal><539.3358><-38.63585><-13~171~462~230~511~39~-655~-291~0~0~0~bluebrown~0.4347826~0.326087~0.4347826~0.326087~0.4347826~0.326087~0.4347826~0.326087, CustomDecal><646.5867><106.4302><-3~769~-1223~699~-1223~4~-624~-436~0~0.9565217~0~actual vertical pink~1~0~1~0~0~0~0~0, CustomDecal><588.1869><50.68979><-15~150~249~193~304~29~-749~-371~0.2934783~0.4347826~0~biggreen~0.423913~0~0.423913~0~0.423913~0~0.423913~0, LightSource><326.7025><-58.19427><0.1086956~EffectColor1~857~820~-755~319.6025~0~1~Fade~0.5~0, LightSource><324.708><-62.80444><0.1086956~EffectColor2~859~748~-538~605.6025~0~1~Fade~0.5217391~0, LightSource><298.1931><133.0523><0.163044~EffectColor2~-5~125~415~225.6025~0~0~Flash~1~0, LightSource><244.1996><132.9876><0.2826087~EffectColor1~-6~124~329~344.6025~0~0~Flash~0.9891304~0, WarpPoint><597.1206><198.6596><57.79099~28.1257~Watcher~Watcher~WSKD~wskd_b12~1390~490~~WatcherOnly~0~6~8~4~8~4~4~4~7~150~150~-1~0~0~false~false~false~false~false~0~-1~false~-1~-1~-1~-1~-1~-1, FloatingDebris><111.7828><197.5473><50~50~1238104214~0~30~0.25~1.614978~6~-64.53192|995.8637~405.3816|426.7386~0.5|0.25~0.03419281|-0.2393494~1.342065|0.5556323~Ripple~0.5~0v0v0v0|0v0v0v0~0, FloatingDebris><122.3491><203.119><50~50~1369419925~0~30~0.25~0.5~16~-29.48434|684.7096|1574.141~394.2759|404.5273|425.03~0.5|0.25|0.2841711~0|0|0~0|0|-0.008548584~Ripple Flow~0.5~0v0v0v0|0v0v0v0|0v0v0v0~0, WindRect><-179.5969><99.32507><-6~770~2366~763~2360~53~0.1956521~Creatures, 
AmbientSounds: OMNI><RWTW_AR_WindyCliff.ogg><122.1734><18.0997><0.05434782><0.8043478, OMNI><RWTW_AR_CityWithNoBuildings.ogg><328.4354><23.07513><0.2282609><1, SPOT><RWTW_AR_Heater.ogg><817.8034><521.7866><0.06521739><1.156522><795.8034><107.7867><-48.35535><-40.35535><0><0.154348, SPOT><RWTW_AR_ErrorBop.ogg><315.756><345.0501><0.08695652><0.9021739><236.756><104.0501><-108.3553><-48.35535><0><0.3500001, 
FadePalette: 14, 0.4006908, 0.4006908
