Template: OE_SettingsTemplate_Ruins
RandomItemDensity: 0.9021285
RandomItemSpearChance: 0.4010637
PlacedObjects: DayNightSettings><293.7492><304.375><5~8.660254~76~10, LanternOnStick><3907.729><368.9574><-38.41876~-78.57605, LightBeam><-170.5296><-12.23758><-4.768372E-07~769.9562~4468.829~768.5334~4468.117~-0.7114583~93.91245~74.70313~0.4~0~0~1~None~0~0, LightSource><1508.08><451.3217><1~White~-86.08649~146.2449~50~86.60254~0~0~None~0~1, Mushroom><1455.599><469.1244><0~0~2~3, Mushroom><1511.173><455.9721><0~0~2~3, Mushroom><1557.498><437.7944><0~0~2~3, LightSource><1043.011><711.3883><0.2653421~Environment~820.3114~-49.40622~50~86.60254~1~1~None~0~0, LightSource><2215.699><757.1667><0.2653421~Environment~820.3114~-49.40622~50~86.60254~1~1~None~0~0, LightSource><3596.602><753.6094><0.2653421~Environment~820.3114~-49.40622~50~86.60254~1~1~None~0~0, LightSource><185.8292><755.7438><0.2653421~Environment~820.3114~-49.40622~50~86.60254~1~1~None~0~0, LightSource><-167.7656><755.0323><0.520539~Environment~820.3114~-49.40622~50~86.60254~1~1~None~0~0, 
FadePalette: 42, 0.1855978, 0.1546652, 0.1469319, 0.1314657
BackgroundOffset: 0,-154.6711
