Template: oe_settingstemplate_ruins
RandomItemDensity: 0.6005322
RandomItemSpearChance: 0.107201
EffectColorB: 18
Effects: AboveCloudsView-1-1077.938-291.0656, SkyAndLightBloom-0.0154671-1066.555-358.6542, 
PlacedObjects: DangleFruit><1799.993><532.3031><-375.6499~-24.90112~2~3, DangleFruit><1758.958><489.9412><-351.4604~-153.675~2~3, DangleFruit><1941.84><510.5344><-271.7771~-129.4854~2~3, DangleFruit><1982.393><467.7092><0~0~2~3, FirecrackerPlant><1220.561><382.6901><0~0~2~3, FirecrackerPlant><1273.247><380.2829><0~0~2~3, LightSource><-97.95937><1440.057><0.7061363~Environment~892.1689~-597.9406~50~86.60254~1~1~None~0~0, LightSource><377.6302><170.2531><0.427739~EffectColor1~74.70331~21.73956~-84.46567~53.87546~0~1~None~0~0, LightSource><266.6427><165.2729><0.427739~EffectColor1~74.70331~21.73956~-339.8792~34.66608~0~1~None~0~0, LightSource><1226.208><325.351><0.427739~EffectColor1~61.89703~11.77914~5.178101~139.9619~0~1~None~0~0, LightSource><2865.948><217.2094><0.427739~EffectColor1~139.446~12.49062~-177.6667~132.1359~0~1~None~0~0, LightSource><1509.369><286.9323><0.427739~EffectColor1~49.80225~11.06772~-339.8792~34.66608~0~1~None~0~0, LightSource><1287.394><327.4854><0.427739~EffectColor1~68.30014~6.79895~-324.9386~134.9817~0~1~None~0~0, LightSource><1168.58><148.9093><0.8917336~EffectColor2~49.80222~-2.450012~-339.8792~34.66608~1~0~Fade~0.9690671~1, LightSource><3184.681><519.5792><0.2730739~Environment~892.1689~-597.9406~-339.8792~34.66608~1~1~None~0~0, LightSource><-91.22083><384.4021><0.157076~Environment~892.1689~-597.9406~50~86.60254~1~1~None~0~0, LightSource><4219.681><1495.823><0.7061363~Environment~892.1689~-597.9406~50~86.60254~1~1~None~0~0, LightSource><3321.993><1519.301><0.4045397~Environment~892.1689~-597.9406~50~86.60254~1~1~None~0~0, LightSource><2508.796><1515.033><0.4045397~Environment~892.1689~-597.9406~50~86.60254~1~1~None~0~0, LightSource><1663.755><1463.808><0.4045397~Environment~892.1689~-597.9406~50~86.60254~1~1~None~0~0, LightSource><948.9313><1524.281><0.4045397~Environment~892.1689~-597.9406~50~86.60254~1~1~None~0~0, LightSource><2062.884><205.1146><0.427739~EffectColor1~139.446~12.49062~-75.92816~86.60257~0~1~None~0~0, ReliableSpear><1361.036><308.7221><, ReliableSpear><878.2288><335.6715><, ReliableSpear><2707.216><207.608><, 
FadePalette: 42, 0.4407967, 0.317063, 0.2938624, 0.2629292, 0.2783966, 0.2706637, 0.2706656
BackgroundOffset: 0,-80
