Template: NONE
Clouds: 0.8586956
Grime: 0
Palette: 80
EffectColorA: 10
EffectColorB: 12
Effects: Fog-0.8043478-20-20, Contrast-0.0326087-277-21, FairyParticles-1-27-84, DarkenLights-0.5014738-35.12619-89.8054, 
PlacedObjects: Corruption><261.9441><104.7017><3~51, Corruption><573.95><461.7486><-2~45, CorruptionTube><354.5972><325.6748><188~-218, Corruption><325.8008><33.98276><2~76, Corruption><519.4216><68.85272><-3~62, Corruption><354.3057><302.2025><3~45, CorruptionTube><589.8191><382.0853><-233~-69, LightSource><426.9383><332.4326><0.0326087~EffectColor2~322~-249~475.9999~-431.3975~1~1~None~0~0, CustomDecal><328.8898><-3.83313><-220~418~166~721~496~238~-748~-339~0~1~0~GreyBones~0.1521739~1~0.1521739~1~0.1521739~1~0.1521739~1, LightBeam><407.3366><46.63464><1~146~45~149~40~0~473.2783~22.75583~1~0~0~0~None~0~0, CustomDecal><382.0875><76.92984><0~66~28~66~23~-1~-763~-420~0~0.423913~0~DataPanel3~1~0~1~0~1~0~1~0, CustomDecal><402.5668><39.56149><1~164~61~165~60~0~-752~-384~0.3043478~1~0~DataPanel~1~0~1~0~1~0~1~0, CustomDecal><330.5659><240.9218><-6~107~287~88~331~2~-610~-585~0.2608696~0.3043478~0~OrangePink~0.5~1~0.5~1~0.5~1~0.5~1, WallMycelia><306.9231><450.6002><0~58, WallMycelia><568.925><559.4031><9~42, CustomDecal><452.4353><331.1747><-28~276~-279~259~-291~26~-638.9647~-104.8514~0~0.1956522~0~fairmaiden~1~0~1~0~1~0~1~0, FairyParticleSettings><-64.29816><69.55588><-415~-445.3398~1~0~1.630435~1~1~1~255.4348~385.8696~1000~0~0~0~180~180.1682~0.5~0.6086956~1~1~0.01086957~0~1~1~10~Circle~LINEAR~LINEAR~100~0.1521739~20, WarpPoint><467.4592><284.1814><0~0~Watcher~Watcher~WSSR~wssr_cramped~450~270~4a175968-2161-4cc5-8dbe-69a37fe9f060~WatcherOnly~0~6~8~4~8~4~4~4~7~150~150~-1~0~0~true~false~true~true~false~0~-1~-1, 
AmbientSounds: OMNI><SO_IND-HVAC.ogg><112.5565><13.44936><0.1521739><1, OMNI><SO_IND-WeirdVent.ogg><298.9466><15.28662><0.1521739><1, OMNI><SO_SFX-LakeBottom.ogg><487.8174><20.56168><0.3043478><1, OMNI><SO_SFX-GlassGhost.ogg><669.7606><16.55029><0.1086956><1.352174, OMNI><SO_SFX-DataTrans2.ogg><52.81488><175.9242><0.1521739><1.254348, SPOT><RWTW_AR_Heater.ogg><742.1517><546.0758><0.1086956><1.528261><556.1517><408.0758><-21.35535><-24.35535><0><0.1, 
FadePalette: 32, 0.8538761
