Template: NONE
WaveSpeed: 0.2298301
WaveLength: 0.8649151
WaveAmplitude: 7.492838E-15
SecondWaveLength: 0.1666667
SecondWaveAmplitude: 0
Clouds: 0.8586956
Grime: 0
Palette: 80
EffectColorA: 10
EffectColorB: 12
Effects: Fog-0.8043478-20-20, Contrast-0.0326087-283-21, FairyParticles-1-27-89, DarkenLights-0.5014738-35.12619-89.8054, 
PlacedObjects: CorruptionTube><334.2075><830.3004><294~147, CorruptionTube><433.3831><452.9155><192~193, Corruption><405.624><298.894><-19~111, Corruption><275.9407><1162.676><-8~72, Corruption><319.8077><685.8453><0~61, Corruption><621.7953><713.709><0~76, Corruption><879.8765><1195.914><207~79, Corruption><639.7828><325.4594><-3~63, Corruption><126.3645><1036.822><47~-46, LightSource><209.0294><1054.233><1~EffectColor2~138~-22~-331.2902~51.04947~0~0~None~0~0, CustomDecal><69.30212><729.4706><4~423~494~749~864~321~-451~-1045~0~1~0~GreyBones~0.1521739~1~0.1521739~1~0.1521739~1~0.1521739~1, CustomDecal><480.4769><52.30133><-436~767~251~770~494~334~-897~-367~0~1~0~GreyBones~0.1521739~1~0.1521739~1~0.1521739~1~0.1521739~1, WallMycelia><624.6821><1358.062><0~100, WallMycelia><817.6393><597.0834><19~107, WallMycelia><328.5665><580.1705><0~82, LightBeam><390.1973><1180.023><1~158~41~162~40~0~-501.998~64.53778~1~0~0~0~None~0~0, LightSource><454.6609><969.5159><0.02998153~EffectColor2~546~-373~412.1174~-239.3975~1~1~None~0~0, CustomDecal><402.332><981.457><13~203~200~253~222~49~-833~-547~0.1956522~0.3478261~0~WhiteJunkSpirals~0~0.4565217~1~0.4565217~0~0.4565217~1~0.4565217, LightSource><558.9138><458.1804><0.02173913~EffectColor2~288~-316~50~86.60254~1~1~None~0~0, CustomDecal><72.13837><989.416><3~137~246~125~242~-2~-414.9999~-1305.863~0~0.1847826~0~AwfulLongB&W~1~1~0~0~1~1~0~0, LightBeam><392.6141><1324.594><4~-123~32~-123~35~0~-834.9998~-95.00226~0.06521739~1~0.9891304~0~None~0~0, CustomDecal><391.0534><1200.539><0~128~37~126~40~0~-835~-626~0~1~0~DataPanel3~1~1~1~1~1~1~1~1, CustomDecal><582.8322><1241.566><-5~170~146~168~142~-1~-897.0034~-874.0168~0~1~0~observation~1~0~1~0~1~0~1~0, FairyParticleSettings><-57.81586><982.8288><724.0069~49.66025~1~0~1.630435~1~1~1~255.4348~385.8696~1000~0~0~0~180~180.1682~0.5~0.6086956~1~1~0.01086957~0~1~1~10~Circle~LINEAR~LINEAR~100~0.1521739~20, CustomDecal><442.8751><426.656><97~205~313~138~139~-133~-482~-301~0.326087~1~0~fetchstick~0.7173913~0.3913043~0.8913044~0.2608696~0.3369565~0.05434782~0.4021739~0.173913, WeaverSpot><535.105><1182.851><-71.13392~-454.4667, 
AmbientSounds: OMNI><SO_IND-HVAC.ogg><112.5565><13.44936><0.1521739><1, OMNI><SO_IND-WeirdVent.ogg><298.9466><15.28662><0.1521739><1, OMNI><SO_SFX-LakeBottom.ogg><487.8174><20.56168><0.3043478><1, OMNI><SO_SFX-GlassGhost.ogg><669.7606><16.55029><0.1086956><1.606522, SPOT><SO_IND-Survey.ogg><904.7408><15.0502><0.304348><1.136956><687.7408><529.0502><-35.35534><-35.35534><0><0.1326089, SPOT><RWTW_AR_Heater.ogg><897.4412><139.6913><0.1195653><1><631.4412><865.6913><-35.35534><-35.35534><0><0.1217393, SPOT><SO_SFX-Data5.ogg><298.6378><306.1449><0.4021739><1><412.6378><1245.145><-37.35535><-37.35535><0><0.1, SPOT><SO_IND-NoiseMech.ogg><-159.4326><435.8315><0.5><0.6086956><191.5674><1057.832><-35.35534><-35.35534><0><0.1, SPOT><SO_IND-Turbine.ogg><186.9642><460.5532><0.4021739><0.8043478><191.9642><1057.553><-35.35534><-35.35534><0><0.2086958, SPOT><SO_IND-Generator.ogg><460.3284><147.434><0.4130435><0.5695652><364.3284><1065.434><-35.35534><-35.35534><0><0.1, SPOT><AM_WIN_Hilltop.ogg><768.483><429.8007><0.3152174><1.9><466.483><995.8005><-35.35534><-35.35534><0><0.1, OMNI><SO_SFX-DataTrans2.ogg><744.487><567.8004><0.1521739><1.254348, 
FadePalette: 32, 0.8217392, 0.8217392
