Template: NONE
Clouds: 1
Grime: 0
Palette: 80
EffectColorA: 10
EffectColorB: 12
Effects: Fog-0.1086956-20-20, DarkenLights-0.5014738-35.12619-89.8054, 
PlacedObjects: CustomDecal><346.1592><253.3711><3~177~262~180~246~29~-766~-602~0~1~0~zSadLiz7~0.6086956~1~0.6086956~1~0.6086956~1~0.6086956~1, WallMycelia><501.0671><286.3311><-5~72, PassiveCorruption><315.0616><340.1301><0~100~389.02~-304.1533~7~15~0.8~0.3~0.55~0.05~0.15~0.2~0.2~Default~Dot~Passive~2~0~1, 
AmbientSounds: OMNI><SO_IND-HVAC.ogg><112.5565><13.44936><0.1195652><1, OMNI><SO_IND-WeirdVent.ogg><298.9466><15.28662><0.1086956><1, OMNI><SO_SFX-LakeBottom.ogg><487.8174><20.56168><0.2065217><1, OMNI><SO_SFX-GlassGhost.ogg><669.7606><16.55029><0.05434782><1.9, 
FadePalette: 32, 0.9021739
