CeilingDrips: 0.25
RainIntensity: 1
RumbleIntensity: 1
Clouds: 0.2934783
Grime: 0.2934783
BkgDroneVolume: 0.2608696
RandomItemDensity: 0.3043478
Palette: 2
EffectColorA: 10
EffectColorB: 13
Effects: Flies-0.1195652-20-85, TinyDragonFly-0.06521739-284-17, SkyDandelions-0.5-20-20, 
PlacedObjects: DeadSeedCob><1087.409><205.1208><, DeadSeedCob><1056.771><151.9489><, DandelionPatch><2391.302><92.22577><49~2, CustomDecal><443.585><215.8457><-509~205~481~162~559~11~425~-534.9994~0~0.08695652~1~Birdy~0~1~0~0~0~1~0~0, InsectGroup><678.3729><84.40439><94~117~-695~-77~RockFlea~0.25, CustomDecal><2187.73><-9.800518><-14~103~694~128~721~-25~408~-311.0089~0~0~0~Rust1~1~1~1~1~1~1~1~1, CustomDecal><-173.2723><-21.8037><2~256~1367~259~1371~-7~-120.999~-297.0057~0.02173913~1~1~OrangePink~0.1630435~1~0.1630435~1~0.1630435~1~0.1630435~1, CustomDecal><469.5353><-25.05312><2~249~346~261~365~0~-799.0012~-294~0.08695652~0.5108696~0~UNQ - CyborgToad~0.6086956~1~0.6086956~1~0.6086956~1~0.6086956~1, CustomDecal><-168.3331><-28.13979><-5~772~1361~776~1360~8~-84~-292~0~0~0~UNQ - Plate5~0.1521739~1~0.1521739~1~0.1521739~1~0.1521739~1, CustomDecal><595.2784><-3.302032><-27~164~164~170~164~0~-968~-314~0~0~0~AngryOrangeScribble~1~1~1~1~1~1~1~1, CustomDecal><304.9366><438.0719><-64~293~204~262~505~28~-509~-756~0.5326087~1~0~CactusMan~0.5~1~0.5~1~0.5~1~0.5~1, CustomDecal><14.80206><360.5289><-43~363~597~430~661~84~-174~-680~0~1~0~HugeShiny~0.2391304~1~0.2391304~1~0.2391304~1~0.2391304~1, CustomDecal><1213.45><-20.73895><5~771~987~768~994~0~-86~-293~0~1~0~BraceFace~0.1847826~1~0.1847826~1~0.1847826~1~0.1847826~1, CustomDecal><2165.166><-22.06876><-22~353~207~407~140~1~335~-293~0.2608696~1~0~UNQ - Plate3~0.2065217~1~0.2065217~1~0.2065217~1~0.2065217~1, CustomDecal><2145.553><114.6744><-4~195~203~207~195~3~420~-20~0.4130435~0.6847826~0~SmileyCreature~0.3695652~0.2608696~0.3695652~0.2608696~0.3695652~0.2608696~0.3695652~0.2608696, CustomDecal><1884.766><-19.44937><7~763~1242~767~1217~-1~545~-298~0~1~0~GreyBones~0.2065217~1~0.2065217~1~0.2065217~1~0.2065217~1, 
AmbientSounds: SPOT><AM_ENV-LightWind.ogg><751.9578><521.6955><0.3695652><1><1563.958><561.6955><-317.3553><51.64465><0><0.6652175, SPOT><AM_IND-Utility02.ogg><745.8909><392.4176><0.3478261><1><1550.891><20.41763><-269.3553><15.64466><0><0.4152175, OMNI><AM_ENV-Outside.ogg><658.1848><638.3265><0.4565217><1, SPOT><SO_IND-Boiler.ogg><741.3027><279.9671><0.2282609><0.6282609><1884.312><-7.03286><-96.35535><-23.35534><0><0.1, 
FadePalette: 18, 0.7514153, 0.5237997, 0.407586
